0.469827 0.845159
0.060115 0.786383
0.189795 0.259737
0.052005 0.271864
0.657344 0.761085
0.887059 0.149956
0.438535 0.801155
0.191369 0.438379
0.198086 0.604337
0.034114 0.946104
0.092549 0.561132
0.933556 0.004355
0.921169 0.667322
0.634129 0.449097
0.798846 0.699436
0.382130 0.020476
0.217170 0.571985
0.571237 0.624863
0.011184 0.399809
0.457883 0.130271
0.619109 0.344197
0.050066 0.633346
0.990739 0.811981
0.362778 0.070507
0.157545 0.792440
0.631324 0.562623
0.519918 0.900278
0.926555 0.725338
0.765815 0.047575
0.947695 0.373677
0.574638 0.601603
0.728965 0.664794
0.241386 0.469720
0.479212 0.728978
0.695870 0.089251
0.895849 0.122853
0.473514 0.041436
0.589083 0.772657
0.317615 0.402115
0.102902 0.530039
0.018656 0.536488
0.234243 0.714180
0.941054 0.404888
0.350108 0.461071
0.456824 0.848028
0.681575 0.517478
0.781616 0.918905
0.766060 0.181093
0.714819 0.691244
0.891083 0.745200
0.638023 0.041911
0.286712 0.665143
0.581359 0.343082
0.263105 0.146649
0.569493 0.831477
0.107694 0.725262
0.187630 0.555798
0.556078 0.317810
0.595688 0.648670
0.116962 0.849639
0.866243 0.032343
0.200892 0.292483
0.675919 0.280510
0.311708 0.349540
0.149673 0.569380
0.441132 0.081496
0.759733 0.904416
0.567080 0.105309
0.886748 0.068052
0.167311 0.293785
0.822630 0.493403
0.785080 0.493452
0.789329 0.384244
0.788010 0.549155
0.442441 0.211716
0.717190 0.747368
0.162350 0.958265
0.851918 0.960086
0.610318 0.197091
0.753839 0.435671
0.825731 0.086998
0.439095 0.717179
0.755165 0.197123
0.182312 0.722156
0.753163 0.463580
0.401018 0.842389
0.481899 0.407581
0.444990 0.406819
0.985996 0.902781
0.006408 0.212484
0.793797 0.052037
0.146713 0.463411
0.370798 0.459659
0.168444 0.716876
0.845615 0.717423
0.314042 0.609227
0.808000 0.127706
0.655089 0.552669
0.365906 0.543344
0.170595 0.646633
0.833386 0.709123
0.472798 0.808318
0.666943 0.519928
0.367296 0.312349
0.642205 0.183869
0.640106 0.803494
0.118676 0.244001
0.803800 0.248871
0.205834 0.146894
0.093058 0.953000
0.071214 0.156713
0.206664 0.008389
0.257787 0.921773
0.842696 0.125253
0.849123 0.854942
0.341922 0.657391
0.364052 0.430652
0.497574 0.996564
0.070315 0.566197
0.423079 0.599494
0.570553 0.526820
0.605120 0.040459
0.582352 0.469710
0.617983 0.860008
0.225344 0.483793
0.946453 0.681310
0.884700 0.904321
0.442294 0.928236
0.748238 0.286322
0.332022 0.911847
0.676625 0.786770
0.885293 0.298310
0.079641 0.286633
0.549197 0.478437
0.367191 0.921696
0.911643 0.345690
0.469015 0.147215
0.654671 0.670019
0.637589 0.682076
0.907377 0.637854
0.907549 0.978569
0.821219 0.581513
0.818201 0.540694
0.780615 0.810781
0.909855 0.893387
0.905449 0.168918
0.396882 0.973653
0.288517 0.299591
0.942973 0.632269
0.392529 0.399052
0.569618 0.926229
0.764783 0.377446
0.581157 0.421098
0.412502 0.722000
0.422436 0.104487
0.862246 0.599529
0.540531 0.724733
0.905340 0.531196
0.434034 0.522690
0.130542 0.104633
0.618039 0.895994
0.217372 0.677179
0.485943 0.816736
0.136476 0.769887
0.501335 0.726509
0.172364 0.537191
0.658207 0.306727
0.461346 0.638469
0.033868 0.853717
0.804046 0.876579
0.332692 0.584822
0.912157 0.476412
0.519220 0.921698
0.887826 0.509171
0.616306 0.927186
0.735327 0.910688
0.620080 0.018891
0.412853 0.632283
0.231479 0.572308
0.314241 0.098874
0.400113 0.282065
0.233912 0.444094
0.000404 0.719468
0.910535 0.620375
0.092920 0.171731
0.648933 0.607661
0.042711 0.864183
0.106137 0.167778
0.322948 0.558472
0.384634 0.872819
0.293418 0.271510
0.603921 0.978360
0.825054 0.720338
0.689895 0.897226
0.002657 0.858977
0.631798 0.651835
0.790602 0.405477
0.157555 0.058771
0.982970 0.667121
0.696639 0.723699
0.939297 0.478039
0.180273 0.918873
0.311233 0.005347
0.620846 0.112589
0.180870 0.339425
0.802382 0.532804
0.691858 0.995236
0.652947 0.264493
0.488750 0.923463
0.177873 0.162690
0.032487 0.784352
0.556512 0.839933
0.840962 0.059551
0.482193 0.511020
0.749396 0.982022
0.211601 0.282940
0.091916 0.863635
0.494410 0.739580
0.593805 0.700640
0.232576 0.124066
0.514314 0.825754
0.526016 0.782844
0.082446 0.215037
0.688633 0.693471
0.387276 0.313989
0.245240 0.151795
0.595395 0.313736
0.967117 0.548040
0.881440 0.445930
0.185993 0.872343
0.507948 0.914736
0.372233 0.598763
0.601247 0.845376
0.826055 0.410689
0.833075 0.174738
0.363605 0.778929
0.987994 0.209782
0.491377 0.650206
0.107470 0.221074
0.187210 0.415463
0.187326 0.670824
0.880493 0.046242
0.886504 0.991024
0.935414 0.539548
0.152012 0.911549
0.575757 0.902161
0.459598 0.108279
0.538323 0.416605
0.266413 0.052947
0.584424 0.594080
0.619893 0.568451
0.545721 0.802439
0.124721 0.929247
0.518495 0.293402
0.298626 0.609170
0.676271 0.481096
0.175409 0.950631
0.769859 0.576565
0.323667 0.109263
0.502895 0.133336
0.230845 0.415297
0.412740 0.870754
0.366896 0.161150
0.370405 0.935859
0.466763 0.236491
0.078225 0.057255
0.895996 0.643554
0.404296 0.311462
0.418916 0.263219
0.244071 0.340672
0.911977 0.127579
0.310456 0.223412
0.346705 0.260054
0.783676 0.118461
0.052474 0.748778
0.065288 0.252993
0.756643 0.699750
0.978538 0.626441
0.337004 0.270792
0.423864 0.920199
0.141251 0.816617
0.249369 0.435681
0.842880 0.554037
0.413003 0.909479
0.890295 0.655985
0.178084 0.744815
0.007233 0.243883
0.897632 0.922664
0.800950 0.574622
0.867206 0.049786
0.117203 0.677903
0.864155 0.630975
0.633206 0.790007
0.212193 0.133864
0.149680 0.593592
0.816232 0.648741
0.635157 0.142967
0.070654 0.475011
0.346983 0.784452
0.350783 0.681656
0.517700 0.376524
0.187779 0.180712
0.012821 0.880604
0.642503 0.170420
0.674613 0.145520
0.221942 0.103115
0.738927 0.297215
0.151947 0.983944
0.510526 0.891668
0.319723 0.123701
0.528940 0.146345
0.157149 0.026783
0.949896 0.109251
0.442598 0.000407
0.950189 0.287357
0.238287 0.817180
0.690097 0.489901
0.947757 0.004958
0.840542 0.500735
0.092070 0.091324
0.145094 0.105060
0.694713 0.070962
0.888731 0.851151
0.265646 0.071329
0.536685 0.314148
0.397100 0.942562
0.934502 0.696907
0.669683 0.331300
0.511214 0.363072
0.784727 0.632080
0.032545 0.896705
0.714190 0.845963
0.632226 0.075864
0.673704 0.464665
0.960251 0.603796
0.608403 0.107087
0.695018 0.170612
0.469157 0.120236
0.529909 0.161414
0.308205 0.336637
0.111677 0.420939
0.102964 0.832500
0.817805 0.316764
0.768586 0.442624
0.973330 0.859534
0.385334 0.069242
0.358620 0.370188
0.251107 0.811467
0.425144 0.680322
0.610751 0.691427
0.674890 0.679124
0.493222 0.965559
0.552925 0.644221
0.393072 0.158117
0.176386 0.499237
0.132156 0.646482
0.587797 0.669433
0.116905 0.115471
0.351638 0.507966
0.708857 0.089892
0.948682 0.702207
0.850434 0.429675
0.823121 0.768502
0.848739 0.083562
0.820102 0.596743
0.399988 0.383527
0.252054 0.551751
0.412834 0.616500
0.955467 0.556928
0.703547 0.433275
0.636481 0.406754
0.426228 0.902375
0.584568 0.264961
0.669766 0.832259
0.022452 0.492024
0.809429 0.909763
0.922906 0.053114
0.308889 0.623219
0.722176 0.220527
0.170966 0.567018
0.360547 0.631052
0.525659 0.811693
0.529531 0.839240
0.409879 0.491090
0.125640 0.615496
0.038653 0.026781
0.153766 0.315355
0.791015 0.881807
0.838279 0.318145
0.208428 0.881940
0.916207 0.243940
0.297585 0.229035
0.203313 0.242880
0.045803 0.828913
0.730942 0.266706
0.647604 0.296203
0.800612 0.610969
0.901184 0.244324
0.696900 0.058155
0.710220 0.495006
0.475494 0.951702
0.786285 0.227793
0.924410 0.708311
0.688778 0.463534
0.433444 0.566226
0.222179 0.515577
0.339111 0.527836
0.149177 0.011285
0.444023 0.490009
0.184179 0.365303
0.735669 0.195574
0.213500 0.972647
0.628231 0.241472
0.262291 0.663015
0.865565 0.169063
0.784030 0.464277
0.253196 0.163666
0.601945 0.898136
0.870311 0.576676
0.336961 0.964769
0.982369 0.847508
0.285018 0.284832
0.169710 0.346294
0.818356 0.899592
0.611544 0.530501
0.451585 0.986385
0.282815 0.609897
0.815158 0.025108
0.830203 0.977082
0.555481 0.935243
0.106605 0.383890
0.227763 0.894558
0.052947 0.766738
0.783446 0.514134
0.018721 0.055924
0.803064 0.736220
0.041244 0.311307
0.423642 0.330675
0.213436 0.830099
0.871235 0.948132
0.839728 0.197265
0.717647 0.552505
0.380254 0.396634
0.000199 0.408906
0.895270 0.545395
0.985555 0.287880
0.717282 0.158546
0.182159 0.022630
0.918437 0.816612
0.505921 0.528482
0.050458 0.981677
0.460492 0.284685
0.098384 0.546497
0.698837 0.501864
0.695842 0.959248
0.397122 0.452401
0.629282 0.418959
0.144595 0.391905
0.480186 0.286720
0.507686 0.662185
0.005647 0.802879
0.137728 0.859376
0.975204 0.803633
0.768545 0.063322
0.351990 0.811308
0.367467 0.806544
0.115174 0.326103
0.435498 0.111299
0.114632 0.918741
0.040804 0.168915
0.954994 0.438516
0.412589 0.415707
0.877512 0.462182
0.058480 0.456759
0.624248 0.328303
0.061120 0.736152
0.866256 0.527213
0.210471 0.489175
0.394422 0.735808
0.264361 0.643101
0.162451 0.447635
0.832685 0.827738
0.864731 0.277037
0.923420 0.967832
0.992487 0.617756
0.123759 0.476015
0.648821 0.133317
0.375283 0.257148
0.850427 0.614377
0.180270 0.687840
0.534220 0.377146
0.041024 0.700049
0.437527 0.352100
0.592349 0.358780
0.344584 0.193244
0.505132 0.318794
0.122297 0.630809
0.941048 0.931767
0.493752 0.776853
0.509691 0.608774
0.598639 0.171064
0.478425 0.978404
0.716533 0.265616
0.819680 0.248077
0.522243 0.446296
0.976007 0.134105
0.005001 0.167122
0.093452 0.140627
0.849845 0.151597
0.710182 0.211861
0.688814 0.560056
0.293986 0.044337
0.106974 0.510757
0.329078 0.770908
0.939196 0.298535
0.371311 0.363736
0.203301 0.164036
0.667226 0.805367
0.923660 0.350378
0.918806 0.282015
0.824213 0.669521
0.492233 0.454888
0.234619 0.657658
0.904496 0.673402
0.699423 0.638718
0.349910 0.447935
0.904218 0.819120
0.969594 0.533367
0.054738 0.392028
0.868304 0.301410
0.325446 0.471373
0.600596 0.662020
0.633408 0.162358
0.364533 0.092958
0.261145 0.253939
0.729774 0.166293
0.980351 0.259979
0.871565 0.705024
0.128785 0.871031
0.186541 0.990664
0.603399 0.007055
0.496010 0.357435
0.146060 0.450399
0.281744 0.761238
0.130654 0.703242
0.161419 0.703547
0.208451 0.518142
0.052939 0.362368
0.718997 0.705576
0.262776 0.629487
0.979163 0.484980
0.997741 0.780616
0.570938 0.859616
0.546895 0.305310
0.279028 0.835358
0.350828 0.014826
0.743474 0.128007
0.807523 0.781594
0.155657 0.750242
0.279273 0.440789
0.351729 0.917409
0.222461 0.534016
0.144507 0.641644
0.197352 0.276432
0.717451 0.333804
0.144791 0.741446
0.185553 0.598112
0.734370 0.740483
0.317281 0.513396
0.846899 0.898732
0.099403 0.297810
0.459471 0.403432
0.497345 0.576833
0.031769 0.654611
0.444370 0.784031
0.726290 0.721382
0.484815 0.036137
0.622014 0.137218
0.315912 0.871442
0.950043 0.491744
0.700329 0.017507
0.198093 0.865708
0.456649 0.664021
0.919961 0.791857
0.063250 0.284873
0.115224 0.179701
0.313430 0.911830
0.017856 0.861766
0.675500 0.532589
0.473200 0.173445
0.984019 0.696884
0.669125 0.871499
0.657626 0.491685
0.988048 0.597425
0.693378 0.450520
0.521468 0.705126
0.221700 0.777073
0.481951 0.158513
0.930150 0.921681
0.834432 0.844288
0.860135 0.979995
0.665121 0.292269
0.127515 0.287748
0.295419 0.393985
0.692524 0.680985
0.501202 0.820293
0.278072 0.060787
0.968358 0.338961
0.415591 0.509618
0.533079 0.758018
0.724373 0.779993
0.456729 0.319729
0.627525 0.436119
0.814346 0.235317
0.512428 0.806238
0.434942 0.422772
0.779502 0.104827
0.774800 0.475118
0.045229 0.181152
0.847936 0.340512
0.156126 0.133709
0.084612 0.762589
0.678523 0.244147
0.031788 0.286249
0.816836 0.147299
0.028894 0.374179
0.661215 0.508074
0.615299 0.424098
0.643665 0.959293
0.854214 0.797180
0.386238 0.814932
0.259894 0.749069
0.385829 0.930077
0.393156 0.214891
0.553983 0.096468
0.219107 0.842560
0.785135 0.261179
0.666796 0.561403
0.593056 0.016473
0.729574 0.937974
0.412844 0.893092
0.907785 0.144975
0.657281 0.774930
0.797486 0.298852
0.603492 0.620751
0.377256 0.893973
0.641682 0.432725
0.012603 0.821150
0.728532 0.128191
0.346975 0.954331
0.468494 0.062640
0.041100 0.264263
0.766432 0.832873
0.309903 0.467786
0.616089 0.230456
0.758378 0.727609
0.287446 0.970770
0.527676 0.538279
0.080014 0.743862
0.890497 0.670146
0.971857 0.885585
0.837005 0.486641
0.631031 0.315123
0.934946 0.523259
0.460224 0.771391
0.741284 0.108116
0.815869 0.479750
0.059128 0.093324
0.795480 0.639309
0.480378 0.256801
0.909630 0.048067
0.600122 0.536328
0.417190 0.563649
0.698405 0.132158
0.861204 0.363676
0.041942 0.330872
0.721883 0.625087
0.873933 0.236588
0.883801 0.584475
0.417822 0.202970
0.326401 0.619689
0.071066 0.200015
0.440188 0.466864
0.578093 0.147168
0.709394 0.537517
0.913926 0.412218
0.837338 0.913408
0.603873 0.287667
0.511952 0.157685
0.613812 0.440492
0.400413 0.914043
0.902865 0.500554
0.424846 0.959855
0.164803 0.307816
0.124689 0.506034
0.400283 0.184405
0.340592 0.083107
0.972426 0.596710
0.249119 0.524439
0.596504 0.054254
0.361323 0.902596
0.313803 0.424091
0.635283 0.613672
0.091302 0.899362
0.766031 0.657613
0.613287 0.296078
0.745544 0.263732
0.444188 0.249054
0.128566 0.438400
0.540236 0.602930
0.142718 0.049671
0.114763 0.534032
0.090262 0.343978
0.300299 0.818932
0.777917 0.899379
0.282351 0.492555
0.382101 0.343849
0.017502 0.571194
0.800163 0.232168
0.856387 0.679859
0.044314 0.235777
0.887376 0.242697
0.021419 0.452925
0.615582 0.217371
0.399633 0.007613
0.295517 0.583063
0.805071 0.688593
0.445138 0.673837
0.779392 0.043328
0.637623 0.855206
0.229874 0.184080
0.058244 0.197406
0.056249 0.314189
0.337368 0.234691
0.884707 0.004351
0.806710 0.596412
0.353843 0.084128
0.026210 0.584908
0.806754 0.961738
0.690354 0.777801
0.413958 0.322002
0.244474 0.797926
0.205554 0.532574
0.229782 0.277586
0.180310 0.782012
0.207789 0.370971
0.702713 0.416848
0.720802 0.530012
0.122058 0.885847
0.021863 0.194930
0.682672 0.135516
0.665011 0.008705
0.858107 0.583669
0.324255 0.543845
0.866976 0.424766
0.329431 0.833300
0.804444 0.931707
0.958863 0.941992
0.139229 0.220342
0.419610 0.791010
0.550001 0.616293
0.957832 0.643862
0.997275 0.082671
0.032013 0.321143
0.528320 0.911074
0.518824 0.020251
0.253555 0.061769
0.188988 0.387901
0.391996 0.640549
0.666812 0.601389
0.596392 0.876441
0.819634 0.694514
0.145544 0.501022
0.248234 0.829891
0.616431 0.619584
0.436939 0.026004
0.013908 0.267705
0.891360 0.420076
0.624504 0.378577
0.045630 0.470537
0.321271 0.370803
0.131252 0.240651
0.575916 0.496980
0.955366 0.016011
0.127721 0.153278
0.998301 0.698997
0.581323 0.118208
0.875425 0.077042
0.847139 0.109331
0.622687 0.206421
0.813902 0.886656
0.116715 0.647811
0.565123 0.583512
0.861446 0.243609
0.596936 0.952260
0.939087 0.220422
0.752933 0.489621
0.900176 0.516350
0.287304 0.164884
0.244526 0.313856
0.228483 0.970853
0.999958 0.036720
0.229618 0.804583
0.860556 0.551035
0.508044 0.940323
0.543567 0.542308
0.146746 0.191373
0.768215 0.641704
0.404932 0.708535
0.792464 0.330034
0.932909 0.681952
0.690005 0.851975
0.267681 0.035381
0.764633 0.260318
0.324274 0.655322
0.928234 0.620967
0.765886 0.771642
0.626281 0.936524
0.698711 0.810443
0.303144 0.322383
0.584175 0.719084
0.565740 0.138222
0.099010 0.107683
0.868275 0.850067
0.262252 0.368746
0.166606 0.469622
0.619708 0.251941
0.296139 0.860069
0.549681 0.436304
0.178015 0.965428
0.433265 0.668870
0.367234 0.338970
0.571617 0.759107
0.391205 0.614384
0.914445 0.156867
0.681218 0.721973
0.258070 0.992663
0.654297 0.386984
0.027298 0.021410
0.504882 0.101263
0.813630 0.280804
0.050854 0.406009
0.706734 0.449824
0.170918 0.425524
0.411034 0.985879
0.336800 0.863846
0.429374 0.694864
0.751342 0.115987
0.145357 0.834134
0.194659 0.705610
0.497209 0.074721
0.764006 0.015864
0.487988 0.008079
0.888306 0.086073
0.333063 0.686401
0.980695 0.346137
0.356851 0.846767
0.991373 0.156344
0.856313 0.013807
0.299883 0.027435
0.327925 0.488735
0.282464 0.182980
0.027310 0.065322
0.214733 0.936704
0.795988 0.840665
0.164129 0.767368
0.052884 0.894404
0.322974 0.167772
0.494939 0.543671
0.485882 0.268494
0.906393 0.182960
0.312686 0.482961
0.500730 0.954538
0.591919 0.791792
0.220216 0.730197
0.473483 0.711778
0.138304 0.021310
0.081409 0.553888
0.391584 0.296656
0.110967 0.689384
0.975603 0.818855
0.569121 0.466071
0.630708 0.970255
0.795924 0.501387
0.685682 0.666461
0.587470 0.483037
0.908421 0.424992
0.907776 0.324049
0.486673 0.467520
0.016337 0.505830
0.970359 0.436638
0.799829 0.262368
0.937463 0.342851
0.750512 0.857668
0.274559 0.857849
0.815864 0.349851
0.093483 0.517938
0.020585 0.212143
0.356047 0.696116
0.510667 0.791229
0.365459 0.486037
0.813788 0.524479
0.477300 0.436123
0.413889 0.826165
0.319977 0.243728
0.364551 0.990744
0.812578 0.266573
0.612844 0.513863
0.258714 0.584929
0.519182 0.621047
0.474029 0.611529
0.246755 0.268801
0.038023 0.098516
0.080447 0.853700
0.490681 0.480678
0.789512 0.134934
0.103933 0.801289
0.034699 0.395809
0.049758 0.908427
0.969771 0.161312
0.771643 0.307547
0.219809 0.648712
0.413324 0.946152
0.133919 0.120911
0.936641 0.879135
0.877484 0.412631
0.901181 0.690168
0.282241 0.220281
0.991498 0.748988
0.176647 0.187034
0.476746 0.935850
0.347336 0.400004
0.412769 0.142376
0.530823 0.189339
0.456201 0.711133
0.212231 0.602775
0.426337 0.150619
0.881403 0.736071
0.826129 0.955048
0.625626 0.667328
0.609303 0.357990
0.727655 0.079106
0.371083 0.958504
0.719716 0.405630
0.171194 0.039009
0.233694 0.242909
0.115879 0.942314
0.873320 0.787307
0.791168 0.167093
0.434034 0.541128
0.054956 0.553477
0.567435 0.426918
0.121597 0.088043
0.375380 0.271286
0.574583 0.356170
0.474528 0.010762
0.515103 0.083530
0.534597 0.012221
0.824813 0.797946
0.374327 0.059538
0.232732 0.750974
0.650050 0.051727
0.521529 0.306015
0.373800 0.080067
0.269790 0.179453
0.279997 0.043068
0.957830 0.570570
0.314189 0.947913
0.337362 0.335195
0.123749 0.970433
0.156901 0.732449
0.780326 0.434341
0.327362 0.668417
0.886465 0.275241
0.359874 0.946447
0.891073 0.530336
0.041854 0.735375
0.976110 0.326773
0.782513 0.684343
0.725816 0.205858
0.201901 0.343445
0.681373 0.261364
0.894821 0.214408
0.541639 0.815497
0.773820 0.233274
0.738152 0.622613
0.146043 0.782731
0.956882 0.926518
0.737953 0.334450
0.542158 0.258310
0.994721 0.534428
0.444088 0.332057
0.009081 0.582549
0.303259 0.359471
0.462761 0.416284
0.184305 0.457365
0.381423 0.801939
0.173007 0.876252
0.667349 0.640940
0.265443 0.680775
0.779099 0.322629
0.156770 0.347386
0.175999 0.376245
0.347413 0.903883
0.836879 0.074936
0.744715 0.830177
0.430117 0.455763
0.676757 0.046608
0.917358 0.740476
0.217098 0.746280
0.681994 0.862751
0.591136 0.242747
0.138778 0.513033
0.197680 0.636038
0.782079 0.944541
0.877151 0.412120
0.980155 0.581590
0.253982 0.128081
0.300991 0.169755
0.771493 0.700994
0.523623 0.525405
0.053432 0.668760
0.470546 0.923666
0.132565 0.492954
0.841238 0.298013
0.833974 0.231980
0.129616 0.078634
0.781470 0.177346
0.005248 0.199220
0.395100 0.901022
0.990499 0.552272
0.991478 0.334881
0.638009 0.526686
0.689125 0.874414
0.694137 0.794781
0.722773 0.898339
0.091189 0.399134
0.545980 0.042174
0.057249 0.814432
0.280422 0.007476
0.515175 0.965806
0.737097 0.069409
0.937393 0.324266
0.137305 0.378453
0.219087 0.874260
0.158486 0.608014
0.357920 0.794526
0.563374 0.412418
0.154906 0.892972
0.132658 0.787506
0.827949 0.750289
0.851694 0.391162
0.582119 0.740942
0.038540 0.049233
0.930712 0.020118
0.600531 0.482894
0.959440 0.210874
0.588522 0.275597
0.048382 0.538095
0.970894 0.739363
0.158450 0.640335
0.246026 0.402939
0.443955 0.152460
0.764871 0.349049
0.539531 0.294076
0.670323 0.665296
0.386571 0.226885
0.397633 0.425850
0.825244 0.442074
0.851365 0.704895
0.939884 0.100185
0.550468 0.713562
0.499733 0.849094
0.545607 0.578040
0.788046 0.975655
0.773270 0.164049
0.532477 0.211159
0.199361 0.822879
0.233253 0.387749
0.161785 0.835065
0.520960 0.412534
0.131126 0.173278
0.305310 0.208920
0.805059 0.548747
0.879452 0.209471
0.149015 0.556898
0.927570 0.149279
0.100369 0.371483
0.751567 0.054661
0.647450 0.783457
0.583171 0.038342
0.287804 0.147517
0.098544 0.479141
0.200275 0.992509
0.150454 0.625695
0.884393 0.353429
0.761339 0.714154
0.134998 0.993341
0.660524 0.353953
0.284808 0.928583
0.013407 0.349129
0.342838 0.671471
0.721361 0.450323
0.608803 0.884490
0.722691 0.516080
0.582762 0.004593
0.090622 0.065183
0.534944 0.741188
0.561144 0.685370
0.938416 0.567615
0.637507 0.352203
0.503517 0.491351
0.055717 0.049825
0.676562 0.919398
0.450873 0.163642
0.560875 0.792551
0.011207 0.945723
0.092857 0.028789
0.598106 0.347132
0.007200 0.747902
0.372991 0.500892
0.212861 0.691728
0.441488 0.874721
0.033411 0.745321
0.100281 0.207333
0.706849 0.379674
0.068306 0.972239
0.996827 0.438097
0.852322 0.742488
0.924180 0.553850
0.946508 0.075023
0.552979 0.740675
0.766353 0.425968
0.583252 0.873774
0.175604 0.438640
0.001164 0.108451
0.105581 0.896370
0.630462 0.260800
0.626809 0.765242
0.602991 0.938955
0.442558 0.014560
0.500337 0.256827
0.276842 0.080976
0.233114 0.642017
0.038367 0.549624
0.035435 0.409389
0.612773 0.054364
0.415190 0.162619
0.908002 0.396845
0.225899 0.986186
0.353296 0.294983
0.063943 0.945916
0.107937 0.743214
0.428315 0.739960
0.981657 0.832082
0.606847 0.184191
0.279912 0.256799
0.185985 0.976552
0.937128 0.496090
0.001083 0.260796
0.001534 0.835779
0.415181 0.666085
0.628588 0.988280
0.505297 0.202054
0.591735 0.459947
0.520206 0.674942
0.977755 0.301786
0.659098 0.792591
0.789857 0.095494
0.362241 0.352231
0.728787 0.540982
0.121554 0.984093
0.571624 0.646300
0.547473 0.752244
0.123396 0.415526
0.247778 0.663656
0.334734 0.123816
0.906207 0.017927
0.248969 0.741785
0.186662 0.539402
0.028838 0.519433
0.851983 0.762615
0.219529 0.760894
0.528807 0.255342
0.393243 0.748783
0.065131 0.643869
0.809681 0.165338
0.057304 0.572714
0.107843 0.971245
0.757923 0.214562
0.170559 0.211359
0.637278 0.997395
0.742859 0.770315
0.758186 0.227059
0.537455 0.327254
0.964926 0.617477
0.407381 0.959597
0.825870 0.457991
0.564050 0.805807
0.743230 0.641086
0.317804 0.899765
0.510003 0.034041
0.685030 0.577810
0.536059 0.439572
0.905408 0.937171
0.204217 0.579771
0.075922 0.865835
0.396915 0.367313
0.868227 0.346952
0.318854 0.208323
0.142452 0.666359
0.884767 0.891200
0.944937 0.313234
0.027379 0.160447
0.963353 0.703483
0.993808 0.940320
0.712511 0.568731
0.998954 0.391205
0.509319 0.334051
0.323367 0.965157
0.467015 0.879136
0.273317 0.463624
0.114304 0.103099
0.967796 0.369576
0.540382 0.524884
0.976027 0.186600
0.463574 0.384017
0.472597 0.645372
0.585657 0.823917
0.815547 0.707576
0.928445 0.233851
0.171881 0.554089
0.843072 0.183755
0.285242 0.026901
0.273480 0.789951
0.533001 0.227097
0.071833 0.086637
0.047111 0.215508
0.369503 0.513041
0.943854 0.759938
0.348662 0.734764
0.164007 0.196400
0.267695 0.166856
0.447753 0.265555
0.158201 0.114275
0.300258 0.642183
0.967634 0.174872
0.585727 0.858546
0.026709 0.175508
0.667989 0.256965
0.220262 0.715248
0.064276 0.108898
0.589773 0.289291
0.965028 0.519528
0.438403 0.914128
0.424532 0.883874
0.892286 0.456386
0.465887 0.795185
0.074683 0.841083
0.613956 0.773796
0.927393 0.304692
0.004255 0.930127
0.430301 0.509404
0.295077 0.519138
0.726762 0.652149
0.557894 0.601282
0.537330 0.556787
0.885030 0.568896
0.312129 0.721922
0.877378 0.754348
0.194308 0.200271
0.820194 0.854916
0.329291 0.503697
0.719818 0.794682
0.518214 0.758194
0.207702 0.202035
0.793333 0.825674
0.266610 0.844623
0.096312 0.644327
0.680342 0.296625
0.898285 0.609613
0.195518 0.331792
0.524397 0.552626
0.390853 0.270233
0.224590 0.038066
0.796799 0.115617
0.175666 0.831176
0.373683 0.103504
0.600395 0.860345
0.782121 0.189946
0.054380 0.798856
0.675707 0.708316
0.926138 0.268247
0.857693 0.944761
0.470791 0.344979
0.398609 0.601371
0.363047 0.401522
0.832332 0.038113
0.730675 0.637180
0.018897 0.137910
0.043546 0.422322
0.625199 0.535387
0.413828 0.735545
0.420415 0.131513
0.572715 0.400836
0.453439 0.649653
0.817733 0.971175
0.313873 0.821369
0.848406 0.598275
0.060615 0.830404
0.397081 0.325104
0.416121 0.931530
0.499807 0.271051
0.360413 0.205432
0.844021 0.731420
0.164936 0.589646
0.497549 0.895359
0.875546 0.676848
0.959005 0.323420
0.963419 0.192544
0.016623 0.635954
0.116976 0.821994
0.516832 0.254338
0.866217 0.564125
0.425176 0.768534
0.433481 0.264822
0.341298 0.940359
0.323542 0.275949
0.609147 0.800288
0.210099 0.636204
0.088852 0.014092
0.343458 0.642495
0.040759 0.715390
0.496090 0.693558
0.668523 0.585901
0.547901 0.368511
0.355141 0.595499
0.954669 0.883209
0.307779 0.572214
0.791229 0.367990
0.991112 0.797985
0.909341 0.964536
0.104513 0.496721
0.470328 0.330657
0.326088 0.257507
0.687736 0.401199
0.530221 0.285761
0.162499 0.849233
0.838064 0.356928
0.023549 0.360036
0.902958 0.486860
0.493342 0.834362
0.149180 0.372863
0.491896 0.880470
0.090320 0.491404
0.918321 0.996010
0.776375 0.132122
0.593942 0.111639
0.614674 0.481125
0.383992 0.242361
0.994917 0.735359
0.173652 0.233081
0.923358 0.593378
0.283139 0.320784
0.314023 0.768926
0.551078 0.951298
0.711467 0.481580
0.795753 0.749055
0.250235 0.300129
0.659216 0.965688
0.831196 0.427130
0.396011 0.830608
0.627913 0.600370
0.228052 0.340863
0.242419 0.854006
0.635872 0.206186
0.853268 0.229795
0.928773 0.752441
0.075432 0.459015
0.078630 0.249325
0.192234 0.088717
0.376887 0.411479
0.738399 0.447873
0.842357 0.406395
0.295309 0.551576
0.338171 0.544283
0.655132 0.585948
0.356185 0.169300
0.156633 0.517053
0.015089 0.017138
0.797812 0.039175
0.479546 0.111902
0.637050 0.945171
0.715088 0.613047
0.243826 0.608764
0.946750 0.605191
0.154597 0.474558
0.959717 0.044926
0.979801 0.755871
0.572740 0.209221
0.587993 0.216605
0.888147 0.110765
0.197008 0.052261
0.198990 0.680926
0.642744 0.102888
0.399946 0.568273
0.090631 0.614958
0.436658 0.280437
0.502834 0.621503
0.125674 0.258013
0.423745 0.468292
0.670429 0.979594
0.436833 0.394023
0.057795 0.225914
0.749722 0.039980
0.514133 0.564980
0.967646 0.062576
0.900269 0.074797
0.468865 0.665805
0.001464 0.763426
0.619406 0.308290
0.580156 0.131229
0.233157 0.736739
0.039785 0.608798
0.413396 0.973136
0.620853 0.003843
0.297727 0.900732
0.915254 0.925670
0.950963 0.969120
0.698213 0.569207
0.156074 0.821222
0.837193 0.787331
0.317011 0.290411
0.446053 0.836494
0.840954 0.753063
0.822819 0.294327
0.454375 0.242810
0.170479 0.058394
0.524864 0.862057
0.944081 0.024288
0.119339 0.128842
0.260290 0.420014
0.718842 0.464692
0.387587 0.547983
0.885995 0.098076
0.232379 0.263565
0.943085 0.258755
0.416796 0.856831
0.559447 0.048435
0.026688 0.707862
0.980774 0.040542
0.075737 0.538357
0.075674 0.611203
0.350667 0.122640
0.131082 0.824284
0.011651 0.710850
0.270158 0.243959
0.655864 0.333576
0.648026 0.365127
0.997710 0.295922
0.568948 0.244202
0.169670 0.260483
0.869671 0.063242
0.370070 0.702404
0.447319 0.175772
0.930363 0.040861
0.662711 0.455370
0.930697 0.508271
0.840932 0.517175
0.249050 0.139925
0.321409 0.013578
0.014386 0.521706
0.524653 0.334481
0.892721 0.940737
0.178781 0.248362
0.501506 0.016560
0.117917 0.194426
0.864466 0.456001
0.254471 0.902526
0.594401 0.993545
0.943860 0.915477
0.905131 0.746375
0.834923 0.246935
0.884823 0.399204
0.830859 0.050668
0.202558 0.357415
0.710817 0.716824
0.462397 0.946675
0.616015 0.787074
0.636714 0.549906
0.306470 0.755814
0.181747 0.890303
0.261232 0.308299
0.339028 0.065309
0.881976 0.031654
0.452466 0.559990
0.283013 0.634814
0.398295 0.868766
0.232412 0.157640
0.139951 0.481314
0.957184 0.505881
0.464999 0.452539
0.504932 0.064559
0.560623 0.232063
0.531344 0.992205
0.823138 0.204654
0.905363 0.272913
0.346796 0.349691
0.331419 0.981216
0.549778 0.110430
0.365948 0.325003
0.905341 0.088331
0.025436 0.871708
0.585809 0.523658
0.530232 0.955936
0.425218 0.177759
0.960458 0.805832
0.649290 0.449468
0.989358 0.196203
0.506751 0.384249
0.705706 0.004156
0.834312 0.990112
0.061524 0.846038
0.259111 0.950005
0.133529 0.550281
0.670332 0.941691
0.957302 0.668436
0.293553 0.335552
0.507640 0.243595
0.741875 0.240093
0.496531 0.806202
0.233278 0.881503
0.877654 0.517919
0.227634 0.055523
0.818223 0.363204
0.194345 0.773478
0.974790 0.051647
0.762345 0.518399
0.365472 0.130761
0.045838 0.284947
0.663401 0.904773
0.002384 0.281899
0.969653 0.672939
0.521936 0.879288
0.033244 0.506325
0.138699 0.267731
0.449297 0.820853
0.347653 0.721872
0.262697 0.829909
0.806985 0.334051
0.414903 0.478900
0.575621 0.970108
0.791769 0.711817
0.896727 0.228746
0.950536 0.087688
0.101425 0.570929
0.232990 0.548265
0.103585 0.783039
0.089932 0.261336
0.505690 0.347336
0.411556 0.357484
0.862908 0.892841
0.329529 0.151989
0.660225 0.182097
0.471392 0.274809
0.453438 0.037840
0.121702 0.582702
0.158400 0.409672
0.581136 0.656440
0.091087 0.716695
0.369592 0.193156
0.046024 0.844128
0.170605 0.514482
0.223026 0.433370
0.198976 0.066811
0.233558 0.524423
0.106032 0.077914
0.780574 0.396275
0.578240 0.550715
0.308783 0.856053
0.163124 0.247681
0.929124 0.411115
0.008088 0.996073
0.997464 0.348641
0.319376 0.799072
0.982262 0.730862
0.901878 0.868770
0.169196 0.896688
0.985308 0.437160
0.604530 0.499756
0.451144 0.595371
0.616163 0.408699
0.300346 0.841602
0.582765 0.101605
0.752658 0.884191
0.777072 0.080591
0.229325 0.942066
0.070026 0.631128
0.224401 0.455230
0.075713 0.489584
0.324070 0.527662
0.199258 0.652338
0.016862 0.892755
0.143663 0.162680
0.067577 0.143563
0.862981 0.380286
0.456454 0.210336
0.543207 0.905857
0.951040 0.183622
0.203592 0.259229
0.041670 0.010257
0.861032 0.651793
0.190793 0.957346
0.698759 0.299865
0.139109 0.962423
0.701676 0.221985
0.797987 0.006645
0.732517 0.279034
0.702918 0.401998
0.690882 0.043599
0.619825 0.816216
0.454331 0.142735
0.532517 0.106132
0.263980 0.979857
0.624057 0.746297
0.486682 0.302251
0.468949 0.740045
0.356297 0.824276
0.313084 0.743841
0.880453 0.609528
0.711902 0.288930
0.541192 0.789008
0.043678 0.153135
0.792552 0.777648
0.539931 0.931469
0.068858 0.723652
0.466527 0.550438
0.427173 0.995650
0.897144 0.351414
0.372357 0.655658
0.462742 0.622669
0.092406 0.315752
0.561350 0.633410
0.323261 0.572807
0.068340 0.445623
0.952309 0.528573
0.789213 0.276134
0.313487 0.498754
0.314451 0.069535
0.271963 0.577084
0.922584 0.462903
0.866795 0.904440
0.404851 0.586350
0.851563 0.204366
0.862402 0.819635
0.590506 0.393431
0.965063 0.765831
0.073509 0.508573
0.007872 0.468831
0.729105 0.436205
0.252220 0.283289
0.663684 0.540458
0.164909 0.621439
0.283886 0.562753
0.897457 0.388608
0.160693 0.500466
0.048152 0.941348
0.740314 0.891222
0.208779 0.432905
0.876701 0.017969
0.772893 0.976286
0.702991 0.037239
0.868317 0.008948
0.896113 0.624623
0.242007 0.537870
0.466387 0.308946
0.090532 0.124189
0.296011 0.482007
0.939392 0.163899
0.299825 0.735599
0.301385 0.711322
0.236188 0.091306
0.383019 0.776863
0.612032 0.389397
0.450503 0.475552
0.268154 0.382811
0.519527 0.479747
0.255090 0.027282
0.021741 0.960050
0.066349 0.695529
0.311342 0.192009
0.705277 0.162041
0.290700 0.210297
0.331063 0.214896
0.351291 0.152050
0.181754 0.218602
0.864352 0.964907
0.596145 0.747260
0.003769 0.068030
0.806054 0.370983
0.446164 0.531462
0.466100 0.488852
0.576227 0.298721
0.431709 0.482641
0.781153 0.840715
0.419847 0.399565
0.505345 0.555499
0.307561 0.240995
0.357618 0.554979
0.639297 0.273355
0.745768 0.083355
0.296462 0.991069
0.815297 0.731369
0.844447 0.580172
0.292877 0.373295
0.328494 0.819026
0.566389 0.542814
0.269982 0.559198
0.361539 0.415644
0.166297 0.925604
0.721113 0.374866
0.624103 0.177596
0.236634 0.427959
0.085519 0.079257
0.345229 0.988296
0.892154 0.056372
0.247567 0.382844
0.473039 0.823748
0.221346 0.364862
0.514178 0.434270
0.969217 0.290680
0.118809 0.570342
0.293544 0.003021
0.358253 0.763066
0.187463 0.931741
0.884965 0.812189
0.473148 0.024539
0.154441 0.436982
0.661915 0.820520
0.254996 0.713439
0.075626 0.337721
0.856541 0.291442
0.398087 0.438382
0.904962 0.845081
0.610213 0.704980
0.448555 0.627838
0.411739 0.747925
0.651704 0.943842
0.613988 0.872176
0.396717 0.721974
0.286458 0.683984
0.827579 0.260601
0.190320 0.240577
0.548747 0.894625
0.369454 0.687995
0.069206 0.763263
0.152671 0.085391
0.073186 0.301721
0.841031 0.802115
0.739848 0.816653
0.130868 0.465700
0.600224 0.604151
0.696964 0.885399
0.468054 0.684380
0.652411 0.807288
0.455707 0.087949
0.642500 0.977788
0.552703 0.249395
0.324952 0.932521
0.781948 0.012533
0.528066 0.427319
0.238392 0.683284
0.937149 0.436349
0.695089 0.596239
0.634786 0.775970
0.383990 0.629612
0.662214 0.886917
0.144773 0.610181
0.950499 0.541366
0.968868 0.019515
0.517321 0.718347
0.662515 0.742711
0.461480 0.963931
0.648741 0.825643
0.442446 0.552461
0.576944 0.887732
0.875614 0.549393
0.350214 0.565562
0.111774 0.447766
0.432988 0.319371
0.729448 0.952654
0.727335 0.981591
0.853768 0.913363
0.167999 0.814660
0.193957 0.487006
0.171561 0.602062
0.278145 0.350304
0.114752 0.394239
0.739964 0.584149
0.032623 0.438622
0.389361 0.465231
0.017633 0.600348
0.591303 0.500003
0.802535 0.387586
0.340060 0.160894
0.074110 0.024802
0.442854 0.704539
0.142294 0.312598
0.115806 0.063508
0.686504 0.220882
0.007452 0.050997
0.859272 0.723221
0.879281 0.162366
0.937046 0.973493
0.859718 0.863215
0.966796 0.897977
0.270537 0.294161
0.015576 0.976337
0.631167 0.891347
0.215025 0.660477
0.652233 0.282579
0.690467 0.351781
0.172703 0.391660
0.238865 0.026062
0.853441 0.483842
0.573019 0.281936
0.677951 0.448269
0.054707 0.332151
0.950462 0.333788
0.564897 0.563697
0.016627 0.181080
0.212671 0.861928
0.034244 0.211720
0.703075 0.551767
0.786867 0.736425
0.282129 0.741575
0.216280 0.797827
0.900555 0.335513
0.631258 0.486533
0.167120 0.976018
0.705754 0.987271
0.702927 0.200300
0.069741 0.876808
0.628184 0.125896
0.529640 0.570177
0.128206 0.061809
0.714884 0.124127
0.522919 0.200504
0.743889 0.207751
0.525967 0.459949
0.752919 0.606953
0.006659 0.958901
0.903185 0.774279
0.243221 0.594535
0.464024 0.220448
0.446337 0.100667
0.260180 0.542287
0.814225 0.987530
0.687863 0.206821
0.696750 0.313100
0.337922 0.513047
0.215500 0.385539
0.521358 0.071565
0.411388 0.647149
0.622456 0.153947
0.916411 0.076810
0.670675 0.173082
0.450750 0.387473
0.275898 0.898620
0.358404 0.032910
0.398249 0.992211
0.076807 0.956340
0.637058 0.464350
0.867366 0.768433
0.799056 0.074648
0.136288 0.354026
0.798671 0.991300
0.921074 0.633230
0.547849 0.697452
0.139121 0.090540
0.764539 0.851212
0.876191 0.882295
0.877119 0.966077
0.004757 0.608588
0.765912 0.003562
0.790197 0.312702
0.318553 0.314375
0.504316 0.709299
0.491062 0.430333
0.491959 0.863022
0.318026 0.139879
0.040169 0.066853
0.071949 0.998545
0.247589 0.369502
0.336053 0.016133
0.474452 0.371976
0.567170 0.878086
0.656885 0.435659
0.091054 0.276066
0.146782 0.122938
0.340305 0.043573
0.606521 0.094487
0.017655 0.387754
0.520885 0.978914
0.153776 0.804762
0.057836 0.858426
0.654791 0.979157
0.705085 0.467918
0.257984 0.789739
0.353984 0.613377
0.045427 0.564749
0.243831 0.253068
0.685017 0.634410
0.005733 0.423163
0.558273 0.198766
0.909353 0.461049
0.628769 0.696655
0.551061 0.422450
0.047302 0.083396
0.272123 0.938825
0.387946 0.173327
0.545428 0.338987
0.153671 0.997094
0.360471 0.252020
0.615217 0.755838
0.833961 0.860764
0.429146 0.409389
0.240538 0.055890
0.357583 0.268165
0.562587 0.904031
0.536629 0.943113
0.642363 0.217805
0.327562 0.196515
0.516244 0.497818
0.813932 0.075876
0.544037 0.196864
0.755599 0.566145
0.935026 0.899766
0.785688 0.617246
0.786292 0.202397
0.609542 0.673052
0.481305 0.837351
0.999712 0.892635
0.484791 0.179414
0.892016 0.825178
0.400566 0.688697
0.709701 0.881404
0.849654 0.638235
0.273819 0.533887
0.985886 0.889032
0.428703 0.216985
0.431948 0.936298
0.781332 0.648875
0.979405 0.451477
0.655098 0.090707
0.431130 0.342230
0.826641 0.936284
0.618119 0.496851
0.414697 0.694083
0.370552 0.561077
0.303375 0.687964
0.331876 0.290418
0.753311 0.650133
0.401854 0.034745
0.486134 0.604498
0.554725 0.820048
0.131761 0.564515
0.572755 0.224061
0.366801 0.674516
0.870931 0.917908
0.762433 0.079201
0.268223 0.113188
0.425734 0.495617
0.398365 0.411898
0.540640 0.029684
0.344777 0.361689
0.774623 0.358293
0.388971 0.887187
0.956973 0.839871
0.691087 0.433377
0.367311 0.611044
0.342525 0.800679
0.698873 0.262429
0.994707 0.510054
0.474861 0.585747
0.050293 0.968129
0.312451 0.923579
0.331518 0.632209
0.756812 0.631569
0.411511 0.044969
0.620060 0.548285
0.554064 0.129301
0.681985 0.826996
0.086953 0.940912
0.495078 0.792322
0.475867 0.995281
0.669161 0.089188
0.250570 0.698602
0.294138 0.939339
0.214824 0.910959
0.433003 0.297688
0.256520 0.455151
0.428161 0.974461
0.044864 0.520708
0.053309 0.062144
0.248097 0.095619
0.844625 0.016165
0.416726 0.290808
0.663332 0.227020
0.078021 0.099726
0.645936 0.651496
0.929842 0.075675
0.457572 0.026347
0.760815 0.545208
0.035032 0.195961
0.297698 0.673679
0.816147 0.430994
0.056365 0.156166
0.578343 0.253936
0.468605 0.519556
0.506874 0.220858
0.295800 0.781528
0.952682 0.347453
0.566741 0.440320
0.342803 0.175570
0.437525 0.139063
0.920290 0.608779
0.939975 0.554493
0.679616 0.016918
0.508996 0.634784
0.924448 0.167255
0.118578 0.862650
0.506980 0.287315
0.549817 0.356057
0.532618 0.511511
0.445492 0.770545
0.206513 0.728329
0.406314 0.298148
0.575183 0.319599
0.072641 0.936190
0.521754 0.349063
0.386746 0.132402
0.291879 0.750225
0.194252 0.522228
0.306849 0.936649
0.713153 0.105653
0.364679 0.144796
0.283571 0.235181
0.451252 0.794697
0.482215 0.061080
0.163971 0.007270
0.026788 0.005032
0.718414 0.015368
0.489278 0.635771
0.211072 0.447397
0.230285 0.073070
0.537524 0.852722
0.034453 0.129560
0.111595 0.613815
0.305855 0.439765
0.080847 0.643953
0.095227 0.974560
0.607207 0.453578
0.001694 0.594942
0.106750 0.404490
0.888043 0.556882
0.373198 0.766149
0.750838 0.339489
0.115151 0.434164
0.480282 0.657847
0.560585 0.518371
0.024588 0.939301
0.749561 0.386060
0.200292 0.901254
0.268811 0.450147
0.888757 0.686129
0.257045 0.881127
0.597951 0.256258
0.875667 0.389538
0.191870 0.008686
0.166983 0.910355
0.543563 0.155633
0.018283 0.905812
0.480361 0.546853
0.971598 0.386433
0.953097 0.168402
0.499057 0.931070
0.701022 0.766971
0.876010 0.660672
0.351030 0.101492
0.591960 0.089778
0.814612 0.947996
0.713577 0.318840
0.645921 0.480982
0.455217 0.498804
0.001513 0.522376
0.019986 0.433344
0.873722 0.985480
0.146654 0.872977
0.573602 0.690338
0.583462 0.232660
0.277901 0.508652
0.380445 0.143684
0.502909 0.303778
0.935853 0.770870
0.240304 0.289889
0.122213 0.347981
0.085149 0.628761
0.814203 0.571186
0.607749 0.275157
0.885778 0.336623
0.069333 0.046765
0.735965 0.415996
0.018424 0.780625
0.876049 0.824828
0.197221 0.917695
0.549960 0.004405
0.943342 0.148687
0.419745 0.032058
0.317038 0.992590
0.882475 0.314558
0.370368 0.585061
0.813991 0.039668
0.554207 0.780731
0.293536 0.506644
0.970219 0.114155
0.201268 0.949312
0.797726 0.917524
0.338561 0.758394
0.817353 0.612209
0.527567 0.797366
0.751429 0.619325
0.801305 0.346776
0.084696 0.922052
0.879979 0.430800
0.297806 0.767500
0.560389 0.657025
0.118704 0.547702
0.500778 0.439521
0.305568 0.656650
0.231350 0.307119
0.359154 0.224112
0.437513 0.185466
0.055422 0.002387
0.599984 0.225744
0.686569 0.542019
0.170690 0.755121
0.127132 0.034980
0.239158 0.623418
0.910512 0.911771
0.123250 0.272876
0.106442 0.314020
0.923264 0.134110
0.849690 0.527237
0.430240 0.781756
0.622470 0.711662
0.955985 0.425303
0.491861 0.224481
0.708215 0.779086
0.353049 0.931537
0.374941 0.620570
0.846952 0.978298
0.372642 0.033875
0.513680 0.143457
0.362422 0.280080
0.524685 0.176643
0.935692 0.461033
0.155368 0.422991
0.317827 0.783249
0.990045 0.180629
0.550916 0.382947
0.511110 0.189123
0.214776 0.502170
0.294817 0.196769
0.503880 0.475142
0.433978 0.126055
0.692726 0.651324
0.001081 0.307343
0.715302 0.591609
0.367543 0.293710
0.406888 0.173009
0.140390 0.282194
0.544166 0.452209
0.500246 0.181389
0.330278 0.895862
0.286531 0.908584
0.566430 0.000713
0.950770 0.718596
0.253854 0.766893
0.910723 0.213982
0.175304 0.486674
0.885766 0.493788
0.469984 0.532982
0.181412 0.766995
0.229097 0.914965
0.761429 0.401931
0.380443 0.946264
0.319170 0.440818
0.639054 0.866975
0.645643 0.880877
0.765264 0.810098
0.783149 0.343194
0.076278 0.792759
0.832258 0.883251
0.383339 0.854636
0.788365 0.026494
0.447873 0.286097
0.534459 0.241552
0.923522 0.778021
0.209715 0.462182
0.752641 0.068608
0.573592 0.089812
0.918566 0.566675
0.138751 0.802394
0.452671 0.442471
0.950957 0.774454
0.072228 0.069321
0.557658 0.214762
0.027706 0.690348
0.306228 0.124724
0.489933 0.718973
0.465300 0.161042
0.431566 0.841026
0.363469 0.734397
0.983504 0.964454
0.251050 0.649137
0.049090 0.251135
0.565897 0.612980
0.484131 0.243849
0.731560 0.252856
0.117395 0.306389
0.396333 0.483715
0.562807 0.169631
0.670529 0.311467
0.954489 0.906764
0.203539 0.790995
0.040024 0.670020
0.705043 0.182025
0.402059 0.502990
0.781990 0.060281
0.255643 0.935788
0.230127 0.587141
0.154895 0.286699
0.444265 0.312633
0.308252 0.522810
0.731113 0.609081
0.701924 0.864618
0.527154 0.728224
0.093474 0.462001
0.553385 0.531498
0.115799 0.786322
0.479059 0.911026
0.635154 0.369361
0.039916 0.798307
0.064145 0.497232
0.661327 0.721394
0.679402 0.428104
0.706305 0.794438
0.180634 0.807394
0.753460 0.761578
0.981346 0.541849
0.440505 0.654083
0.565996 0.015369
0.846440 0.458740
0.147123 0.849513
0.790385 0.214371
0.953025 0.588697
0.743995 0.531311
0.715077 0.858716
0.326495 0.357616
0.631403 0.918382
0.860804 0.783056
0.662239 0.196005
0.093798 0.750147
0.274974 0.993958
0.413827 0.019095
0.717473 0.192982
0.799352 0.179916
0.296877 0.919124
0.579199 0.169109
0.392563 0.791191
0.959221 0.870639
0.969325 0.777071
0.280349 0.108474
0.951046 0.361739
0.351413 0.475458
0.517536 0.745576
0.063503 0.986991
0.528039 0.364491
0.265822 0.802909
0.565516 0.155407
0.339177 0.612062
0.394982 0.772180
0.292305 0.115207
0.645850 0.196558
0.740476 0.375303
0.183428 0.050427
0.187488 0.506749
0.179128 0.705162
0.876954 0.864081
0.857684 0.694297
0.269909 0.491381
0.855817 0.176519
0.922235 0.537133
0.427061 0.756013
0.953839 0.221753
0.918150 0.682068
0.664834 0.272977
0.677600 0.960132
0.381744 0.981231
0.626323 0.731587
0.584008 0.435059
0.130750 0.604014
0.830606 0.735134
0.450678 0.457184
0.742364 0.784597
0.649122 0.730437
0.518394 0.216446
0.203167 0.667343
0.274401 0.669206
0.310564 0.538911
0.447101 0.856916
0.702013 0.117409
0.124021 0.746325
0.304310 0.791005
0.081353 0.440618
0.676033 0.901467
0.332399 0.724605
0.431072 0.247932
0.776992 0.286527
0.733935 0.754291
0.532862 0.891102
0.479303 0.356632
0.331387 0.304668
0.222837 0.630588
0.753062 0.450345
0.170010 0.989566
0.639057 0.706149
0.255563 0.470350
0.060816 0.131217
0.471818 0.394987
0.033572 0.250829
0.374433 0.908597
0.166448 0.691073
0.622312 0.046066
0.534373 0.873343
0.001599 0.684578
0.824610 0.067532
0.662275 0.244325
0.413752 0.810525
0.106107 0.240041
0.219060 0.407322
0.243407 0.453511
0.545385 0.215364
0.929924 0.387141
0.386698 0.561442
0.366388 0.471644
0.090914 0.839873
0.836083 0.332224
0.453938 0.519144
0.167671 0.078870
0.962457 0.278127
0.217667 0.120143
0.706594 0.679260
0.693286 0.287486
0.504961 0.647037
0.744347 0.805133
0.885677 0.723471
0.000527 0.658280
0.477860 0.211694
0.580468 0.077580
0.383010 0.707841
0.773843 0.720678
0.944359 0.843370
0.937270 0.788148
0.645885 0.540331
0.362207 0.388088
0.243209 0.943171
0.931507 0.286305
0.365602 0.717729
0.738220 0.968305
0.552108 0.061962
0.163136 0.779739
0.643365 0.496967
0.024229 0.617871
0.803901 0.060663
0.110912 0.557910
0.585826 0.759112
0.608464 0.024368
0.343044 0.827219
0.086573 0.426562
0.448477 0.728622
0.067710 0.353863
0.804659 0.623532
0.572509 0.730601
0.425004 0.804619
0.977883 0.219871
0.899565 0.903250
0.673984 0.994677
0.188895 0.149057
0.403220 0.553032
0.913876 0.306186
0.496463 0.398260
0.087004 0.202102
0.991086 0.953432
0.202451 0.120702
0.646192 0.511922
0.131030 0.209971
0.269712 0.887024
0.174906 0.629556
0.935797 0.598014
0.036827 0.910663
0.152916 0.265279
0.843944 0.164105
0.198007 0.806900
0.550504 0.403807
0.436027 0.984901
0.759459 0.927888
0.814515 0.748647
0.411290 0.770275
0.040464 0.957948
0.918051 0.523159
0.073528 0.227888
0.320025 0.682485
0.468213 0.781827
0.800382 0.194190
0.918222 0.844886
0.681642 0.813783
0.647917 0.399714
0.730297 0.834795
0.028957 0.270070
0.342454 0.844968
0.407230 0.269595
0.509010 0.403330
0.022907 0.097538
0.826159 0.682417
0.770993 0.625464
0.093450 0.879980
0.983865 0.498811
0.025912 0.799112
0.900471 0.365444
0.324435 0.416175
0.744583 0.318916
0.674404 0.159587
0.044635 0.926526
0.061212 0.239824
0.266946 0.282049
0.814294 0.115762
0.851860 0.307724
0.452502 0.351627
0.140130 0.066383
0.923754 0.937999
0.420535 0.426794
0.764175 0.594719
0.853989 0.134585
0.120598 0.163626
0.262837 0.338243
0.211656 0.706042
0.539199 0.772373
0.601469 0.208200
0.673701 0.750976
0.585753 0.941135
0.330787 0.807361
0.311287 0.669499
0.714388 0.924674
0.995501 0.847828
0.152376 0.968057
0.705771 0.821007
0.106463 0.711736
0.524319 0.002702
0.722872 0.093598
0.195974 0.376676
0.985088 0.565952
0.382076 0.285254
0.454512 0.889567
0.518665 0.233829
0.174452 0.091203
0.556445 0.728076
0.817888 0.380467
0.411786 0.094232
0.302118 0.152397
0.277125 0.197118
0.983662 0.313693
0.016382 0.848340
0.558303 0.184245
0.813676 0.508928
0.049660 0.504410
0.839304 0.140592
0.360992 0.113035
0.809465 0.204155
0.060731 0.531545
0.223690 0.017709
0.947710 0.125669
0.663990 0.134419
0.648551 0.002344
0.150987 0.149865
0.289097 0.650599
0.623902 0.357768
0.832429 0.106538
0.211581 0.923911
0.254045 0.043983
0.920879 0.828607
0.339264 0.109232
0.124295 0.800201
0.373007 0.821796
0.256023 0.227443
0.723954 0.579884
0.476027 0.196556
0.538143 0.465405
0.987843 0.767912
0.366102 0.017607
0.600868 0.429257
0.193354 0.621642
0.142034 0.405956
0.700122 0.940734
0.659212 0.074721
0.690149 0.756948
0.382502 0.754942
0.570956 0.059094
0.214416 0.896242
0.724952 0.055076
0.466536 0.252855
0.796935 0.561298
0.561181 0.392215
0.449453 0.060621
0.181643 0.475399
0.872508 0.644508
0.821384 0.331341
0.104045 0.191860
0.392704 0.699637
0.685965 0.120901
0.382278 0.422487
0.379487 0.538465
0.854072 0.035561
0.597399 0.806760
0.945501 0.450114
0.896067 0.160074
0.726659 0.885549
0.487369 0.342410
0.967113 0.076229
0.101851 0.625353
0.315559 0.696292
0.131148 0.690356
0.106628 0.020932
0.595438 0.443284
0.017726 0.926002
0.393442 0.097039
0.118758 0.836311
0.965593 0.752018
0.043468 0.298634
0.755245 0.274275
0.983856 0.077209
0.282019 0.380281
0.701620 0.664917
0.863659 0.082104
0.385436 0.598199
0.766728 0.868543
0.932986 0.062566
0.516029 0.513571
0.257388 0.726974
0.856525 0.469496
0.555245 0.551794
0.475661 0.133963
0.001742 0.564447
0.814017 0.182232
0.786127 0.661581
0.806641 0.493651
0.862922 0.930864
0.399119 0.536526
0.456442 0.540193
0.350671 0.710261
0.323894 0.644052
0.541695 0.497802
0.577303 0.386193
0.960579 0.139830
0.671466 0.731533
0.764584 0.890013
0.435443 0.230947
0.489801 0.315729
0.060628 0.601979
0.968714 0.402057
0.426058 0.011881
0.970011 0.791191
0.769436 0.611158
0.890794 0.761896
0.176685 0.127814
0.152573 0.718057
0.924097 0.984120
0.976903 0.149632
0.613411 0.642152
0.118821 0.006114
0.895072 0.963014
0.475921 0.761882
0.611817 0.371949
0.718088 0.177132
0.635887 0.057766
0.645386 0.625695
0.638166 0.742147
0.490428 0.619558
0.983667 0.783498
0.758096 0.531548
0.036407 0.624506
0.612325 0.723572
0.672370 0.106582
0.234561 0.771673
0.460004 0.266018
0.172527 0.795984
0.513034 0.113250
0.760331 0.990212
0.535316 0.689747
0.054573 0.705371
0.960126 0.979639
0.337170 0.561304
0.217490 0.241335
0.551092 0.283695
0.095942 0.927612
0.068022 0.750189
0.654596 0.868219
0.560465 0.294114
0.109989 0.034538
0.088345 0.153834
0.982522 0.373369
0.486865 0.705260
0.491460 0.756710
0.562061 0.702732
0.392582 0.956042
0.847933 0.653639
0.770311 0.456534
0.047497 0.035876
0.485467 0.531079
0.625208 0.032406
0.261911 0.268128
0.214506 0.228026
0.136905 0.884346
0.007965 0.912625
0.860787 0.189847
0.939220 0.957761
0.683923 0.081001
0.729507 0.596307
0.802001 0.154639
0.110673 0.474529
0.245799 0.204886
0.456383 0.809545
0.589830 0.894863
0.437502 0.378699
0.216223 0.174893
0.716451 0.432028
0.502591 0.975855
0.828896 0.308211
0.105352 0.955177
0.227182 0.200756
0.965739 0.998712
0.660879 0.654527
0.992560 0.473087
0.047570 0.138045
0.495187 0.166748
0.141538 0.711575
0.253877 0.505433
0.432932 0.068967
0.072136 0.011745
0.105645 0.867369
0.499781 0.043026
0.546674 0.680480
0.534807 0.708582
0.668557 0.367294
0.772819 0.932761
0.999679 0.223458
0.466345 0.862269
0.489223 0.194149
0.437873 0.365371
0.208968 0.778518
0.603645 0.590079
0.506891 0.876384
0.285084 0.095520
0.730820 0.474911
0.823548 0.813544
0.559323 0.029757
0.945338 0.037484
0.491696 0.560302
0.833882 0.007103
0.338742 0.877156
0.252296 0.326703
0.364081 0.835115
0.386089 0.050013
0.736110 0.363075
0.493650 0.520590
0.399607 0.235357
0.431743 0.038578
0.939003 0.988361
0.400208 0.135785
0.317444 0.587436
0.159452 0.547084
0.170420 0.733849
0.132507 0.843349
0.099962 0.659130
0.182260 0.201487
0.158686 0.530786
0.092426 0.047013
0.267252 0.401290
0.384673 0.188051
0.671918 0.208678
0.327522 0.038965
0.031939 0.970814
0.578195 0.021320
0.790451 0.479896
0.790027 0.904733
0.495868 0.909478
0.946651 0.893235
0.320103 0.456621
0.570748 0.940835
0.649568 0.909659
0.567320 0.746620
0.534000 0.588428
0.449073 0.194647
0.137696 0.419115
0.015952 0.725163
0.216940 0.160820
0.828928 0.121329
0.113255 0.662986
0.225748 0.292054
0.302112 0.078416
0.064649 0.266852
0.677857 0.059235
0.641157 0.087604
0.346945 0.305756
0.740433 0.220938
0.152740 0.331302
0.848573 0.777728
0.862787 0.995624
0.157881 0.043627
0.810316 0.635302
0.653496 0.526605
0.502560 0.509118
0.107918 0.257221
0.327468 0.074764
0.895199 0.317960
0.953391 0.991652
0.084283 0.780446
0.444218 0.507428
0.709930 0.075305
0.851283 0.356350
0.611042 0.963622
0.989167 0.417837
0.552023 0.145756
0.759623 0.327338
0.401342 0.654619
0.837217 0.537350
0.818461 0.559048
0.561393 0.350700
0.875335 0.287877
0.730719 0.386148
0.620759 0.457639
0.089443 0.328521
0.356765 0.186261
0.604874 0.121882
0.381455 0.006557
0.263071 0.352562
0.189881 0.793328
0.768656 0.558206
0.115035 0.367585
0.242592 0.759738
0.276072 0.621937
0.445019 0.575219
0.239353 0.039864
0.230255 0.789349
0.730135 0.025784
0.830400 0.619465
0.514323 0.272026
0.230226 0.671025
0.026143 0.669249
0.793685 0.355851
0.073194 0.392240
0.382051 0.329154
0.566116 0.307919
0.768519 0.199281
0.092575 0.449649
0.377483 0.303473
0.059086 0.957410
0.042458 0.813157
0.428604 0.724099
0.493760 0.286201
0.544730 0.833874
0.482967 0.389571
0.580675 0.511147
0.212315 0.048600
0.564969 0.071785
0.924994 0.426601
0.481517 0.691100
0.924507 0.889029
0.638214 0.385829
0.450632 0.300292
0.942420 0.827642
0.031023 0.598599
0.799543 0.283578
0.682943 0.503408
0.971939 0.688358
0.000549 0.970549
0.443268 0.960537
0.219988 0.255151
0.588132 0.582440
0.575238 0.370122
0.312784 0.836760
0.432112 0.093505
0.030948 0.820780
0.748133 0.014409
0.195924 0.450846
0.187339 0.352984
0.453497 0.370242
0.193368 0.586675
0.232577 0.214830
0.513405 0.170425
0.754408 0.969303
0.105284 0.760825
0.373132 0.847475
0.413094 0.541120
0.993300 0.052522
0.989477 0.867822
0.676125 0.623500
0.677111 0.380609
0.294104 0.625066
0.576887 0.795300
0.082444 0.409849
0.902907 0.199563
0.961040 0.452385
0.016809 0.657518
0.032228 0.569013
0.355935 0.495595
0.469435 0.077623
0.385282 0.916002
0.250075 0.177816
0.227038 0.469069
0.986513 0.681066
0.964298 0.032449
0.653966 0.320995
0.850249 0.883772
0.866343 0.441301
0.321710 0.881319
0.610343 0.993634
0.491261 0.053793
0.448657 0.947163
0.926130 0.951157
0.743032 0.028121
0.511013 0.989571
0.670204 0.573067
0.754589 0.416892
0.596672 0.550684
0.407476 0.784137
0.845455 0.219408
0.628745 0.845390
0.463216 0.049741
0.739443 0.569430
0.703998 0.734463
0.257772 0.104626
0.149113 0.764396
0.788422 0.244559
0.523528 0.646714
0.187110 0.401663
0.869018 0.142976
0.599089 0.380658
0.130808 0.903242
0.081351 0.037098
0.334430 0.405630
0.675867 0.393586
0.702169 0.583170
0.020266 0.110681
0.633337 0.297888
0.412500 0.454876
0.037979 0.383830
0.401401 0.199446
0.397593 0.020809
0.576409 0.780798
0.661416 0.058067
0.659496 0.841638
0.774390 0.249888
0.614690 0.603434
0.658142 0.413820
0.423067 0.364488
0.488987 0.126545
0.986582 0.979713
0.875500 0.329309
0.969077 0.963977
0.306967 0.275885
0.027160 0.041403
0.428170 0.827766
0.959036 0.955298
0.549599 0.566188
0.102253 0.603100
0.391492 0.256358
0.449360 0.423065
0.355046 0.882371
0.607163 0.574754
0.413718 0.576963
0.867673 0.736331
0.661235 0.702490
0.842150 0.667155
0.209540 0.419887
0.102469 0.584543
0.384903 0.685278
0.047854 0.436534
0.986721 0.064508
0.937882 0.714618
0.558805 0.084172
0.335246 0.741982
0.602522 0.635133
0.689755 0.912085
0.975656 0.509460
0.274591 0.954945
0.147314 0.924746
0.237676 0.701075
0.737742 0.051643
0.598830 0.415713
0.755845 0.581080
0.887258 0.702281
0.285712 0.794908
0.909949 0.292026
0.031120 0.837930
0.772656 0.148881
0.834156 0.590201
0.999928 0.986053
0.404047 0.468281
0.258906 0.566596
0.986070 0.168451
0.957418 0.687847
0.043893 0.450011
0.808105 0.863505
0.556295 0.466656
0.082382 0.886569
0.416949 0.057814
0.127817 0.335068
0.837928 0.446712
0.073027 0.817840
0.768057 0.914466
0.035095 0.115685
0.012047 0.315623
0.984337 0.103905
0.734898 0.925798
0.114012 0.595282
0.056694 0.872785
0.328959 0.948618
0.017400 0.679048
0.584076 0.638075
0.533730 0.080767
0.545628 0.872932
0.050559 0.120709
0.176938 0.283244
0.073428 0.593422
0.696434 0.533127
0.685910 0.739254
0.117124 0.209949
0.323451 0.858659
0.743073 0.944044
0.403289 0.884386
0.255782 0.617519
0.811793 0.008105
0.976485 0.245966
0.455531 0.743007
0.399972 0.816607
0.055899 0.018056
0.736490 0.872044
0.156941 0.936492
0.999866 0.875784
0.367372 0.884303
0.686221 0.414182
0.926525 0.578933
0.087674 0.505948
0.770710 0.795661
0.593773 0.134468
0.634839 0.905063
0.066175 0.661800
0.724209 0.819885
0.328349 0.055975
0.632882 0.584126
0.842427 0.030312
0.300482 0.877211
0.992517 0.247978
0.364858 0.446937
0.944900 0.736813
0.291816 0.570777
0.151352 0.948671
0.301115 0.979330
0.692643 0.235176
0.412670 0.070280
0.848058 0.996437
0.976565 0.872728
0.642936 0.575263
0.803833 0.102776
0.489852 0.985786
0.568533 0.716154
0.014663 0.766095
0.906520 0.760632
0.935279 0.359929
0.332599 0.787051
0.520325 0.771949
0.230648 0.499726
0.534850 0.975450
0.204177 0.393290
0.686621 0.947841
0.390149 0.582629
0.748531 0.924280
0.304711 0.407502
0.505885 0.453368
0.383855 0.089235
0.069870 0.920257
0.600631 0.780617
0.467385 0.096251
0.002574 0.670856
0.758847 0.239522
0.292400 0.059927
0.218474 0.350547
0.080322 0.906916
0.493468 0.331153
0.247966 0.416307
0.226419 0.693136
0.893183 0.376127
0.781434 0.564463
0.976544 0.274072
0.208246 0.105329
0.772524 0.272152
0.787628 0.076809
0.121017 0.732628
0.983202 0.522910
0.548390 0.168221
0.521811 0.659159
0.674423 0.344773
0.824443 0.190144
0.371490 0.640253
0.079686 0.669049
0.736773 0.519611
0.463500 0.724267
0.539816 0.093148
0.315214 0.178733
0.460784 0.998436
0.366036 0.977557
0.949252 0.199597
0.532169 0.403379
0.185510 0.820969
0.932416 0.737740
0.492434 0.594048
0.770364 0.489659
0.829760 0.273685
0.039654 0.363443
0.039870 0.347832
0.346258 0.770836
0.859181 0.097353
0.395314 0.668997
0.212462 0.812815
0.726886 0.563426
0.748695 0.687683
0.268252 0.736328
0.527250 0.060474
0.932841 0.855453
0.950299 0.467122
0.456583 0.932423
0.834902 0.606334
0.144195 0.034630
0.103584 0.126305
0.368795 0.749328
0.836161 0.769792
0.844831 0.626543
0.075737 0.522675
0.005527 0.543769
0.716578 0.979493
0.844174 0.419167
0.127562 0.365075
0.494925 0.415930
0.759792 0.164085
0.879337 0.839563
0.594368 0.031900
0.251941 0.961044
0.648244 0.845662
0.714659 0.761017
0.361415 0.863758
0.191731 0.318404
0.887972 0.976289
0.161357 0.676636
0.013050 0.556177
0.798501 0.894491
0.747159 0.596242
0.728015 0.767293
0.843913 0.263275
0.671092 0.775106
0.571475 0.670158
0.499288 0.117568
0.374142 0.789291
0.580143 0.704031
0.919636 0.183577
0.559893 0.451702
0.581573 0.913395
0.678344 0.764275
0.616099 0.656196
0.032898 0.226680
0.739515 0.547059
0.801629 0.422670
0.431693 0.164843
0.480291 0.092219
0.716202 0.064911
0.882820 0.636537
0.678815 0.359583
0.280231 0.981285
0.625933 0.956801
0.941699 0.649102
0.276628 0.137869
0.246613 0.635242
0.747938 0.554834
0.064441 0.906959
0.923654 0.099893
0.248761 0.976119
0.926387 0.447225
0.337658 0.474076
0.402995 0.759086
0.222260 0.146109
0.092594 0.185655
0.805947 0.089079
0.556850 0.331219
0.579024 0.450678
0.140499 0.579795
0.156485 0.212988
0.774801 0.028779
0.027511 0.342461
0.727181 0.112576
0.497294 0.237310
0.820579 0.784014
0.695022 0.927432
0.222135 0.001713
0.672700 0.693425
0.805562 0.443131
0.590466 0.070111
0.658344 0.106809
0.351519 0.064031
0.714740 0.140262
0.849528 0.278181
0.106150 0.934236
0.198178 0.937001
0.861571 0.335478
0.511464 0.541162
0.726296 0.039612
0.030209 0.726293
0.532497 0.615552
0.746621 0.171627
0.103395 0.063166
0.892370 0.020645
0.461817 0.181169
0.267154 0.909007
0.108473 0.636703
0.566128 0.771451
0.108444 0.270370
0.138049 0.978530
0.397251 0.350833
0.997335 0.374286
0.772929 0.505707
0.871756 0.099478
0.749490 0.747926
0.810853 0.803091
0.279533 0.817286
0.178602 0.581638
0.199500 0.308027
0.863474 0.806579
0.707091 0.898748
0.521805 0.096115
0.958227 0.479326
0.350885 0.318695
0.733340 0.182088
0.463680 0.361195
0.682846 0.313368
0.641052 0.667226
0.456548 0.337342
0.381429 0.721567
0.046820 0.882813
0.437977 0.589014
0.740060 0.141439
0.652103 0.120145
0.192857 0.227175
0.142698 0.898361
0.358256 0.663543
0.648747 0.894103
0.378546 0.435742
0.986461 0.015526
0.565125 0.119656
0.261485 0.481128
0.636204 0.832772
0.262501 0.525999
0.570057 0.818356
0.523803 0.600907
0.325045 0.228587
0.481520 0.794899
0.411751 0.374664
0.961359 0.125582
0.522262 0.689623
0.824730 0.631379
0.506419 0.596851
0.881345 0.135498
0.215409 0.063062
0.573925 0.194336
0.065272 0.370655
0.971270 0.638600
0.158720 0.181114
0.880482 0.224458
0.649008 0.638203
0.030789 0.768377
0.791946 0.674136
0.278406 0.425216
0.084334 0.234835
0.866339 0.126689
0.618097 0.830589
0.349214 0.861288
0.941947 0.617158
0.267259 0.323534
0.753898 0.841020
0.732645 0.008454
0.893126 0.596322
0.982816 0.404184
0.815780 0.053708
0.222681 0.087083
0.224558 0.616747
0.198368 0.023154
0.045967 0.780029
0.915853 0.509078
0.956692 0.627873
0.245071 0.999092
0.400241 0.626760
0.677317 0.552568
0.892504 0.183419
0.432346 0.199517
0.013822 0.696223
0.555146 0.669278
0.311401 0.303243
0.268245 0.092746
0.477402 0.320853
0.399464 0.054890
0.288788 0.074995
0.133986 0.917671
0.787127 0.151721
0.133786 0.005958
0.448601 0.120185
0.644860 0.241983
0.977099 0.422392
0.367084 0.048640
0.765479 0.109830
0.803338 0.475888
0.542363 0.919685
0.550839 0.853785
0.484190 0.078402
0.534720 0.480112
0.695186 0.105843
0.747753 0.403301
0.188727 0.569176
0.481288 0.746612
0.741695 0.428571
0.758033 0.782045
0.928344 0.372263
0.833218 0.569421
0.605350 0.068404
0.787206 0.723269
0.721371 0.243372
0.924473 0.868236
0.549185 0.018014
0.956566 0.152573
0.158368 0.863559
0.421704 0.529741
0.811027 0.662960
0.996017 0.322021
0.118071 0.903726
0.100787 0.912022
0.069197 0.710498
0.240195 0.510057
0.378528 0.573474
0.913682 0.878111
0.872066 0.502245
0.903758 0.563160
0.022435 0.752786
0.803870 0.403211
0.252296 0.846051
0.201069 0.217569
0.953693 0.246511
0.589415 0.303573
0.159704 0.159970
0.700631 0.145928
0.104661 0.153399
0.964808 0.255680
0.130961 0.192496
0.802118 0.976729
0.314413 0.048475
0.149828 0.359478
0.847911 0.244952
0.752709 0.251379
0.041574 0.759056
0.292730 0.724304
0.562969 0.273019
0.080891 0.574847
0.008298 0.334322
0.463092 0.474773
0.095892 0.226317
0.778060 0.776982
0.801714 0.022877
0.369139 0.240755
0.081217 0.827582
0.228254 0.603420
0.481735 0.676676
0.439216 0.637129
0.958385 0.384608
0.477993 0.964629
0.734703 0.399622
0.351620 0.238089
0.519031 0.850081
0.817410 0.395575
0.556789 0.488918
0.934075 0.192483
0.733469 0.796192
0.719227 0.808704
0.349273 0.434303
0.295778 0.537060
0.608221 0.153486
0.965611 0.312101
0.193905 0.105220
0.704205 0.914021
0.920021 0.763317
0.180419 0.524096
0.348583 0.137261
0.706941 0.348791
0.548017 0.233522
0.893504 0.799160
0.263257 0.695127
0.946158 0.513673
0.558172 0.918038
0.662625 0.475651
0.160148 0.880096
0.692019 0.191147
0.125279 0.383611
0.383600 0.358775
0.276202 0.307797
0.977132 0.005876
0.042472 0.582323
0.930899 0.839301
0.067285 0.403836
0.649997 0.565514
0.461292 0.756612
0.142108 0.338790
0.642042 0.315865
0.606759 0.241503
0.381456 0.476540
0.940704 0.273878
0.070044 0.679044
0.207922 0.617970
0.806479 0.846409
0.625649 0.472405
0.942809 0.866545
0.191961 0.425983
0.251397 0.013422
0.794412 0.435947
0.666201 0.023857
0.301298 0.138121
0.552142 0.589770
0.556036 0.885348
0.032436 0.478942
0.583322 0.562423
0.306498 0.890488
0.635451 0.721608
0.828147 0.508610
0.539326 0.054982
0.099373 0.357510
0.492913 0.025571
0.670731 0.036240
0.525238 0.044493
0.822040 0.999479
0.238542 0.961798
0.484729 0.576517
0.719733 0.733425
0.259380 0.861668
0.435700 0.817052
0.604983 0.467997
0.336155 0.372507
0.674820 0.227010
0.306454 0.059006
0.060852 0.434634
0.711239 0.953227
0.624034 0.801599
0.498319 0.151476
0.039115 0.492205
0.935991 0.666327
0.281856 0.775967
0.944856 0.800808
0.416813 0.188760
0.729936 0.685091
0.986074 0.653482
0.351524 0.334589
0.206146 0.089746
0.453711 0.072679
0.794223 0.807125
0.971700 0.932955
0.731178 0.308602
0.456532 0.608980
0.170583 0.456814
0.102692 0.006940
0.120399 0.956840
0.721379 0.346479
0.525378 0.118569
0.128008 0.661067
0.106486 0.091350
0.831164 0.656115
0.549936 0.509139
0.081848 0.688169
0.763613 0.288918
0.455327 0.683965
0.087710 0.998478
0.402634 0.800437
0.178323 0.003111
0.617052 0.911762
0.819491 0.100495
0.841667 0.948423
0.463500 0.196303
0.614973 0.845221
0.736504 0.095098
0.831044 0.153142
0.479883 0.873211
0.710204 0.234273
0.018084 0.075858
0.160804 0.226879
0.875010 0.595912
0.299734 0.257208
0.963055 0.103092
0.071438 0.804152
0.558358 0.865602
0.852258 0.050817
0.943037 0.387626
0.312568 0.636426
0.047915 0.194465
0.998927 0.631712
0.865212 0.616064
0.054103 0.652724
0.489789 0.102615
0.609047 0.555699
0.214274 0.025213
0.357084 0.648151
0.827148 0.021428
0.416361 0.248434
0.585532 0.842130
0.489163 0.945001
0.763253 0.124419
0.816428 0.928009
0.935095 0.178604
0.492443 0.381003
0.973451 0.981552
0.479506 0.449070
0.710414 0.049506
0.213873 0.546707
0.798011 0.763821
0.785149 0.997851
0.235913 0.326866
0.322098 0.026471
0.528532 0.272115
0.962395 0.414861
0.730152 0.856961
0.694930 0.338483
0.448903 0.227965
0.980041 0.610627
0.307246 0.373266
0.191004 0.753717
0.135582 0.753592
0.268143 0.228287
0.059631 0.299138
0.012052 0.482740
0.397706 0.854808
0.308564 0.556285
0.373969 0.210178
0.541345 0.964140
0.954511 0.856957
0.875041 0.362136
0.476938 0.628235
0.350383 0.540888
0.344215 0.579374
0.308863 0.035870
0.399021 0.120924
0.412891 0.438799
0.133310 0.949212
0.025260 0.238765
0.545070 0.271433
0.885398 0.919414
0.537847 0.136103
0.904961 0.111301
0.767784 0.390522
0.064348 0.618892
0.753902 0.148573
0.761240 0.474060
0.789538 0.961309
0.128065 0.139517
0.996201 0.823068
0.593553 0.965155
0.423821 0.551796
0.051504 0.617940
0.976336 0.947110
0.969871 0.654433
0.481741 0.854195
0.492957 0.667964
0.658731 0.992980
0.859265 0.411857
0.272323 0.872778
0.427443 0.621883
0.632323 0.227574
0.246446 0.781492
0.335337 0.425457
0.427890 0.442725
0.152419 0.241445
0.075370 0.379688
0.014565 0.737163
0.033802 0.881186
0.614530 0.947732
0.613406 0.168059
0.411190 0.214018
0.508826 0.691759
0.293870 0.468918
0.124960 0.047484
0.864802 0.875392
0.661849 0.627664
0.621778 0.086206
0.688918 0.027965
0.867514 0.489073
0.918412 0.199380
0.177950 0.323709
0.909556 0.062523
0.266112 0.816613
0.268875 0.758000
0.985745 0.995388
0.760029 0.943681
0.796811 0.588802
0.587615 0.611648
0.423087 0.081051
0.508681 0.581215
0.544238 0.628087
0.839384 0.934482
0.102291 0.283369
0.259589 0.204960
0.529954 0.825761
0.426222 0.639083
0.881987 0.772844
0.487133 0.143200
0.091671 0.795134
0.441272 0.742785
0.954190 0.788279
0.241724 0.725483
0.055868 0.346618
0.726950 0.147231
0.278394 0.270157
0.655408 0.166486
0.951384 0.749704
0.510551 0.006164
0.630672 0.286162
0.835250 0.395933
0.231711 0.229295
0.190487 0.735282
0.019855 0.408524
0.676175 0.846466
0.894701 0.470154
0.577447 0.989998
0.903844 0.259812
0.017420 0.296273
0.889850 0.865864
0.029071 0.638649
0.989861 0.138884
0.541407 0.658581
0.088530 0.534469
0.955822 0.301239
0.394707 0.522182
0.158659 0.395250
0.835357 0.285036
0.283298 0.710693
0.507519 0.862829
0.976054 0.710078
0.062042 0.584574
0.032946 0.083593
0.315569 0.978664
0.722267 0.964175
0.025516 0.421572
0.907036 0.032547
0.106901 0.047190
0.601167 0.911688
0.232880 0.136674
0.279478 0.335670
0.340670 0.697712
0.071923 0.121072
0.784812 0.579811
0.691687 0.709951
0.122565 0.773451
0.228528 0.851687
0.194890 0.693244
0.138018 0.936827
0.968069 0.721039
0.908860 0.597586
0.873633 0.266929
0.544922 0.074288
0.215478 0.301408
0.695825 0.519417
0.744856 0.730924
0.538515 0.391843
0.131326 0.322374
0.016166 0.122104
0.790784 0.933715
0.806190 0.675478
0.415286 0.343803
0.813967 0.414863
0.649488 0.344843
0.509316 0.838425
0.325133 0.601305
0.539119 0.643642
0.012923 0.375051
0.775227 0.542075
0.143406 0.177878
0.681791 0.594239
0.191333 0.166345
0.209194 0.475964
0.879263 0.375693
0.594850 0.731113
0.282160 0.396306
0.111253 0.142374
0.589730 0.371571
0.923792 0.907294
0.141179 0.140447
0.121553 0.227034
0.965168 0.089991
0.966230 0.493958
0.110103 0.459724
0.951405 0.816393
0.820630 0.838751
0.848399 0.375013
0.663822 0.856845
0.386699 0.111727
0.445499 0.902192
0.541770 0.179782
0.197449 0.718665
0.597952 0.684506
0.921950 0.115357
0.909450 0.950991
0.101413 0.850058
0.798436 0.516154
0.912828 0.379286
0.464721 0.699062
0.000925 0.021031
0.950104 0.658740
0.599040 0.715968
0.968280 0.463028
0.235444 0.010472
0.229671 0.398905
0.094928 0.685596
0.758465 0.502154
0.084940 0.111301
0.251197 0.241061
0.805797 0.217453
0.212215 0.989583
0.578816 0.956286
0.210853 0.316721
0.598571 0.333086
0.274778 0.155810
0.729177 0.323049
0.441814 0.615472
0.459191 0.582143
0.320888 0.329019
0.512918 0.465174
0.850446 0.566280
0.609044 0.135332
0.885841 0.952453
0.829564 0.346276
0.966562 0.355299
0.215115 0.269353
0.287038 0.870540
0.015015 0.155802
0.670665 0.120907
0.201331 0.183662
0.895545 0.041371
0.842243 0.681581
0.235266 0.835570
0.682684 0.328770
0.708596 0.514856
0.661811 0.613272
0.919197 0.493641
0.338201 0.248910
0.627770 0.625560
0.588504 0.200516
0.759879 0.313846
0.443704 0.691084
0.569202 0.335657
0.595301 0.569000
0.183790 0.655637
0.145229 0.297194
0.103874 0.334276
0.634716 0.817825
0.775877 0.989370
0.585554 0.925798
0.701123 0.327013
0.353610 0.522825
0.463668 0.906325
0.373946 0.380914
0.670953 0.495558
0.775788 0.527019
0.055887 0.684730
0.502897 0.757355
0.987331 0.928362
0.273631 0.412817
0.372316 0.869073
0.193508 0.136692
0.346837 0.627192
0.114471 0.291193
0.833087 0.642119
0.232231 0.928778
0.799917 0.653494
0.517522 0.951249
0.068456 0.892068
0.199342 0.502492
0.042396 0.994420
0.221998 0.557630
0.118456 0.760210
0.935398 0.206037
0.283633 0.526712
0.079737 0.166887
0.400565 0.337583
0.821070 0.223214
0.081389 0.728428
0.305506 0.593941
0.095489 0.733850
0.563398 0.503097
0.407426 0.396137
0.224478 0.953925
0.286280 0.848798
0.511966 0.735688
0.528973 0.494251
0.024761 0.306379
0.701239 0.364020
0.962444 0.233045
0.094016 0.246997
0.880662 0.622866
0.250845 0.678944
0.685652 0.006175
0.199453 0.547034
0.160001 0.097737
0.556684 0.988419
0.702104 0.700597
0.757135 0.820198
0.915503 0.439804
0.087956 0.599699
0.205366 0.848935
0.646681 0.148638
0.746543 0.000207
0.187740 0.036300
0.760756 0.030467
0.136058 0.627348
0.335652 0.389054
0.799777 0.461399
0.627406 0.099399
0.033037 0.984017
0.602631 0.760764
0.097574 0.699979
0.137973 0.729959
0.889733 0.785182
0.248699 0.353577
0.789972 0.532648
0.462813 0.432825
0.598308 0.831655
0.287940 0.596969
0.415517 0.842491
0.659096 0.683664
0.407598 0.676960
0.179343 0.306328
0.588232 0.979336
0.691034 0.981383
0.144631 0.540381
0.985181 0.029405
0.460826 0.829645
0.195590 0.885390
0.521956 0.934214
0.650248 0.748535
0.238707 0.987165
0.298756 0.092579
0.481401 0.775124
0.422864 0.307227
0.289679 0.411751
0.476295 0.564314
0.876986 0.800714
0.864443 0.220524
0.366522 0.528064
0.912067 0.859018
0.152321 0.071890
0.079225 0.135685
0.187194 0.294362
0.324650 0.753614
0.582933 0.054615
0.142635 0.231928
0.068711 0.178056
0.988861 0.715282
0.299640 0.014945
0.595410 0.149276
0.736189 0.462240
0.508467 0.420468
0.862290 0.836136
0.259843 0.598120
0.693817 0.248386
0.563256 0.373439
0.128600 0.532163
0.287639 0.454555
0.646619 0.070264
0.725092 0.290940
0.163683 0.274288
0.268362 0.966692
0.865538 0.205395
0.246406 0.220733
0.992003 0.271666
0.744227 0.706318
0.148438 0.695785
0.076688 0.271033
0.783548 0.759778
0.966156 0.581839
0.563885 0.260527
0.976459 0.232191
0.156363 0.487606
0.644818 0.254656
0.739116 0.717680
0.086885 0.301512
0.640452 0.760565
0.331934 0.438837
0.610975 0.331196
0.864066 0.399772
0.583579 0.809133
0.008595 0.788866
0.334891 0.319976
0.077888 0.187329
0.389355 0.505909
0.059423 0.516770
0.750205 0.955119
0.169472 0.020882
0.924832 0.217150
0.895816 0.285319
0.738530 0.847837
0.059497 0.418412
0.058148 0.473285
0.174141 0.938915
0.563960 0.954622
0.242442 0.191587
0.246562 0.890148
0.188604 0.121536
0.180462 0.843733
0.142810 0.252853
0.786920 0.419502
0.805732 0.818036
0.944307 0.052167
0.769941 0.756945
0.396795 0.071601
0.009456 0.440630
0.211606 0.076374
0.825430 0.471434
0.554391 0.969344
0.833391 0.383911
0.181595 0.614497
0.837352 0.964331
0.262888 0.435290
0.677123 0.192139
0.674002 0.071953
0.004834 0.132559
0.437770 0.890657
0.242017 0.562104
0.326629 0.846204
0.128163 0.399982
0.626209 0.190492
0.003435 0.147710
0.955716 0.266861
0.382544 0.967280
0.584879 0.408212
0.886710 0.480814
0.887983 0.197785
0.199835 0.973494
0.630368 0.504901
0.061346 0.032411
0.117471 0.704585
0.654812 0.930413
0.232071 0.866168
0.994516 0.579113
0.014935 0.229003
0.734906 0.349592
0.832823 0.370015
0.072690 0.422628
0.662626 0.921143
0.986183 0.389222
0.877007 0.118587
0.165858 0.326951
0.899039 0.303401
0.172962 0.409422
0.277662 0.693562
0.021171 0.992401
0.520267 0.130581
0.992837 0.233342
0.871833 0.717701
0.004294 0.454991
0.520240 0.319409
0.331407 0.707974
0.863425 0.752174
0.857441 0.260753
0.934986 0.117790
0.116991 0.491238
0.265811 0.774723
0.871507 0.475129
0.778250 0.373378
0.057841 0.172329
0.457856 0.012454
0.930570 0.643892
0.907448 0.657824
0.694875 0.387214
0.031152 0.144441
0.403407 0.152903
0.822779 0.166683
0.926838 0.481016
0.745000 0.479111
0.259919 0.189862
0.097711 0.416140
0.299566 0.423180
0.908900 0.099293
0.689453 0.274254
0.751019 0.184073
0.404661 0.107753
0.982954 0.120594
0.132181 0.677087
0.921488 0.396344
0.506125 0.774901
0.966710 0.914217
0.301072 0.290094
0.383750 0.994016
0.658063 0.376183
0.607643 0.313938
0.750970 0.354887
0.296733 0.310856
0.443288 0.757660
0.608958 0.738321
0.035813 0.460208
0.678622 0.649894
0.753170 0.302172
0.995741 0.487473
0.257060 0.393126
0.428491 0.869278
0.278912 0.546955
0.297233 0.959905
0.587382 0.625075
0.047959 0.595587
0.626815 0.518390
0.170913 0.113778
0.264514 0.007762
0.098064 0.673430
0.164289 0.660017
0.067210 0.327423
0.636455 0.335965
0.751418 0.871029
0.724066 0.502565
0.483164 0.894877
0.783135 0.791689
0.243613 0.074143
0.607504 0.080808
0.778476 0.825075
0.720435 0.418674
0.272281 0.020856
0.874544 0.189882
0.210788 0.958011
0.773132 0.214685
0.434825 0.605098
0.082001 0.704828
0.003826 0.183472
0.805599 0.718394
0.289061 0.806974
0.766936 0.963962
0.359246 0.577801
0.433119 0.854561
0.622279 0.066488
0.235255 0.357547
0.179605 0.067724
0.334882 0.454475
0.016728 0.282812
0.268605 0.127115
0.273263 0.922064
0.287041 0.950662
0.348756 0.976007
0.080421 0.984339
0.736464 0.989954
0.001461 0.096875
0.996829 0.120679
0.833441 0.213163
0.761367 0.138071
0.773889 0.954389
0.344610 0.283332
0.096683 0.771709
0.570202 0.038593
0.502638 0.677549
0.205272 0.036677
0.637861 0.116709
0.968444 0.844328
0.863832 0.154746
0.571450 0.845578
0.431677 0.949071
0.408655 0.521641
0.068522 0.776067
0.783790 0.698135
0.897160 0.408249
0.468370 0.597450
0.659354 0.151936
0.859743 0.114153
0.853701 0.322959
0.909758 0.547941
0.148652 0.680992
0.689141 0.153957
0.235585 0.170803
0.229726 0.374814
0.080603 0.355151
0.942300 0.580630
0.918840 0.010191
0.811335 0.763326
0.379807 0.158959
0.001306 0.006597
0.544197 0.988954
0.804373 0.316881
0.974468 0.473502
0.867285 0.315371
0.189833 0.853245
0.647651 0.691490
0.386183 0.202102
0.402338 0.928561
0.920835 0.030636
0.972421 0.562487
0.265629 0.511217
0.099032 0.988303
0.709574 0.251499
0.313439 0.261851
0.829455 0.550593
0.720418 0.999417
0.083628 0.968034
0.786611 0.603179
0.014711 0.034352
0.618057 0.978423
0.246922 0.116090
0.985260 0.359711
0.443651 0.047806
0.088449 0.811046
0.644503 0.594889
0.755754 0.796374
0.771355 0.335084
0.293932 0.699567
0.291888 0.352998
0.139788 0.432477
0.334104 0.138841
0.851126 0.442853
0.656731 0.210373
0.464738 0.980938
0.839492 0.472288
0.203202 0.744560
0.824107 0.135059
0.901944 0.989766
0.587746 0.160198
0.167167 0.362320
0.782687 0.868612
0.765585 0.684889
0.824804 0.916175
0.119381 0.518406
0.693116 0.477291
0.521422 0.582877
0.670515 0.416470
0.987557 0.640027
0.715492 0.833024
0.006672 0.645741
0.746993 0.511174
0.352024 0.748926
0.715108 0.639776
0.854964 0.540131
0.025747 0.552319
0.924165 0.333826
0.130186 0.304937
0.535916 0.351033
0.744189 0.660443
0.112045 0.993161
0.052213 0.723679
0.344547 0.029133
0.622244 0.276220
0.358021 0.964526
0.682079 0.610314
0.680375 0.932927
0.352531 0.049567
0.915195 0.363666
0.854383 0.067973
0.246527 0.577844
0.742298 0.157608
0.041585 0.685488
0.738706 0.498045
0.011061 0.621098
0.501201 0.088003
0.777871 0.593444
0.775565 0.742215
0.057870 0.927502
0.897927 0.579271
0.204302 0.407065
0.333223 0.094777
0.703565 0.625373
0.291757 0.435574
0.318091 0.086683
0.455466 0.916734
0.168861 0.137135
0.216821 0.214076
0.802422 0.139405
0.267793 0.607098
0.053067 0.487710
0.717477 0.362100
0.827433 0.525762
0.681416 0.799571
0.215173 0.589483
0.609970 0.262287
0.386882 0.036134
0.527641 0.632740
0.972925 0.205203
0.811840 0.455821
0.447587 0.972350
0.234744 0.108786
0.087430 0.585148
0.277778 0.725454
0.881609 0.175816
0.322163 0.387508
0.115353 0.809195
0.413856 0.000943
0.776134 0.882521
0.277520 0.588763
0.937784 0.135422
0.619396 0.585665
0.416180 0.118905
0.896602 0.136781
0.526415 0.030843
0.793894 0.859043
0.604989 0.819637
0.287146 0.886947
0.188215 0.076740
0.344215 0.206194
0.247582 0.870721
0.180036 0.103526
0.377544 0.734825
0.251053 0.492430
0.859306 0.513515
0.489729 0.499146
0.476749 0.420383
0.291301 0.828928
0.090441 0.385971
0.383657 0.491200
0.194647 0.469604
0.953304 0.063145
0.707780 0.276471
0.186077 0.904852
0.381800 0.522033
0.430190 0.054226
0.012583 0.087427
0.720880 0.912314
0.335932 0.924427
0.541353 0.121305
0.420666 0.233859
0.787299 0.450149
0.704205 0.969460
0.682630 0.098825
0.470401 0.297357
0.174458 0.670797
0.409049 0.225771
0.330853 0.999132
0.371859 0.176991
0.896192 0.883318
0.650621 0.017494
0.109066 0.348443
0.905778 0.705983
0.033577 0.533507
0.296724 0.182445
0.472641 0.466334
0.586081 0.327097
0.238851 0.904271
0.440174 0.438794
0.762413 0.741267
0.301956 0.453800
0.840580 0.094271
0.622018 0.682364
0.005238 0.361962
0.710130 0.654166
0.174362 0.859655
0.889365 0.259803
0.299595 0.495699
0.018513 0.253482
0.160256 0.576857
0.726403 0.487546
0.933644 0.248802
0.426577 0.581992
0.832637 0.897624
0.268991 0.711166
0.341473 0.597567
0.854403 0.500333
0.599257 0.517776
0.682587 0.972319
0.810508 0.299413
0.848692 0.825205
0.372204 0.225512
0.848685 0.840987
0.277014 0.365302
0.642908 0.028502
0.714947 0.938363
0.921855 0.320038
0.066579 0.549155
0.773461 0.670626
0.127079 0.719874
0.349157 0.381670
0.919221 0.257808
0.953647 0.401050
0.099074 0.435187
0.731208 0.231341
0.769328 0.093404
0.182973 0.271653
0.074664 0.316472
0.901666 0.004206
0.926209 0.803471
0.689562 0.372322
0.836943 0.695317
0.479375 0.487851
0.715301 0.304699
0.291465 0.246686
0.204009 0.563509
0.184667 0.639660
0.049353 0.105112
0.303976 0.108348
0.004432 0.498788
0.018236 0.809792
0.275243 0.649591
0.017432 0.834202
0.995691 0.912803
0.059310 0.074959
0.756850 0.367449
0.052719 0.379201
0.287514 0.128357
0.030477 0.922350
0.255616 0.082447
0.108676 0.882279
0.919654 0.651959
0.683573 0.176698
0.172914 0.149270
0.534576 0.670403
0.878972 0.933930
0.270609 0.211201
0.520827 0.391933
0.463467 0.568427
0.574471 0.575475
0.422415 0.279623
0.314083 0.157003
0.813809 0.827801
0.493569 0.209407
0.468667 0.504886
0.668993 0.437027
0.912299 0.229146
0.215644 0.190094
0.064018 0.213219
0.161133 0.378547
0.382250 0.834401
0.625879 0.396342
0.757053 0.671412
0.650944 0.229235
0.346500 0.220085
0.957635 0.731102
0.754558 0.096201
0.084970 0.368130
0.020902 0.328656
0.910560 0.581172
0.872697 0.691014
0.309595 0.962197
0.042702 0.646328
0.150555 0.657055
0.931352 0.088627
0.552964 0.763921
0.084455 0.473639
0.741799 0.675303
0.700344 0.748168
0.676734 0.884935
0.600298 0.925000
0.747114 0.905021
0.347826 0.417530
0.565469 0.978204
0.773428 0.412962
0.963679 0.825794
0.239618 0.486074
0.877248 0.535658
0.492313 0.368957
0.327804 0.344296
0.584425 0.537679
0.422618 0.383909
0.798953 0.793635
0.603212 0.401128
0.782192 0.298644
0.132755 0.591720
0.647303 0.420494
0.935461 0.814484
0.713061 0.028924
0.512407 0.052910
0.364717 0.003283
0.651007 0.712044
0.907014 0.786791
0.342485 0.490997
0.941847 0.421526
0.978880 0.916571
0.916209 0.695451
0.843484 0.871736
0.318331 0.709343
0.346927 0.001127
0.225388 0.822264
0.873639 0.253144
0.477721 0.228194
0.331162 0.182391
0.592159 0.186347
0.425394 0.655032
0.196752 0.836905
0.989935 0.458961
0.650653 0.466182
0.732419 0.698824
0.385889 0.377903
0.307046 0.387588
0.403103 0.249982
0.385918 0.654181
0.699609 0.843225
0.798950 0.948343
0.145936 0.204393
0.715431 0.392337
0.718732 0.672933
0.944078 0.235947
0.141610 0.525926
0.167883 0.172614
0.571186 0.482743
0.822596 0.872641
0.897634 0.836437
0.576657 0.181503
0.693957 0.615777
0.895527 0.715266
0.706800 0.603685
0.223167 0.321783
0.411608 0.602065
0.244951 0.919767
0.895999 0.434775
0.943459 0.944797
0.662898 0.953170
0.656437 0.038139
0.343213 0.890235
0.902949 0.730999
0.204458 0.761987
0.720727 0.872104
0.320550 0.732752
0.840780 0.814151
0.278822 0.475417
0.129097 0.452374
0.022658 0.468315
0.664786 0.399727
0.980226 0.091597
0.861694 0.667388
0.641061 0.926650
0.403986 0.083580
0.084874 0.657426
0.628864 0.638495
0.380937 0.670653
0.098780 0.819423
0.906956 0.803880
0.848669 0.926542
0.375523 0.121360
0.584005 0.682942
0.693845 0.830961
0.212961 0.333339
0.122666 0.021006
0.421629 0.708591
0.634129 0.014568
0.306421 0.805493
0.912818 0.720514
0.778438 0.854108
0.470211 0.893121
0.454116 0.871771
0.902579 0.446826
0.628297 0.876481
0.382314 0.449445
