0.208925 0.444267
0.867311 0.812728
0.874116 0.216331
0.448848 0.446979
0.053788 0.970594
0.651589 0.939227
0.533743 0.095816
0.829382 0.491066
0.887329 0.710126
0.196207 0.871125
0.365940 0.676165
0.151870 0.859442
0.630679 0.024812
0.091036 0.011658
0.132199 0.641493
0.727513 0.599977
0.462342 0.877959
0.736174 0.045916
0.124383 0.273410
0.519299 0.168797
0.220845 0.872082
0.785667 0.496963
0.592177 0.442413
0.852221 0.093694
0.493182 0.942759
0.903014 0.512681
0.067468 0.428427
0.817170 0.233160
0.125594 0.414002
0.429933 0.178700
0.837880 0.505469
0.398462 0.850956
0.082418 0.218722
0.973081 0.831408
0.423680 0.435840
0.212315 0.928070
0.980702 0.252267
0.845914 0.336290
0.999981 0.040389
0.602574 0.686223
0.051207 0.010681
0.493308 0.461167
0.605761 0.482335
0.681777 0.056979
0.340192 0.548292
0.321839 0.590974
0.550762 0.455562
0.963544 0.534268
0.535123 0.627394
0.156295 0.438794
0.037427 0.232423
0.809007 0.781528
0.946771 0.270379
0.248549 0.413247
0.125973 0.485988
0.096597 0.559033
0.580538 0.359414
0.514190 0.946063
0.803990 0.003650
0.903611 0.632379
0.927413 0.443146
0.447232 0.029859
0.989085 0.716573
0.498881 0.200722
0.677828 0.637906
0.676657 0.310429
0.308051 0.059292
0.647574 0.544357
0.920847 0.870415
0.352762 0.017762
0.272892 0.333122
0.509960 0.044839
0.562179 0.249618
0.572284 0.175806
0.971805 0.936599
0.746775 0.125836
0.527812 0.974321
0.470387 0.550185
0.944593 0.018727
0.323174 0.974781
0.416383 0.357507
0.573609 0.532974
0.327909 0.724267
0.164490 0.820389
0.242347 0.430334
0.534081 0.534293
0.611330 0.420951
0.900158 0.778334
0.984803 0.463828
0.804534 0.215733
0.680450 0.259992
0.839983 0.800004
0.231138 0.484879
0.070769 0.415599
0.543565 0.767398
0.123556 0.339806
0.865615 0.169623
0.119271 0.680856
0.282523 0.931419
0.837014 0.094759
0.102582 0.496690
0.588842 0.504892
0.039526 0.103196
0.726502 0.349852
0.062929 0.117951
0.380842 0.572553
0.196201 0.764844
0.107082 0.436736
0.529787 0.159278
0.912685 0.094810
0.702331 0.727065
0.411482 0.232529
0.592825 0.242163
0.036903 0.985790
0.065030 0.015636
0.414422 0.576191
0.602450 0.212758
0.743072 0.232094
0.247240 0.553463
0.704728 0.861328
0.495809 0.881149
0.643917 0.159471
0.580514 0.745005
0.019586 0.894578
0.633510 0.399184
0.304104 0.564723
0.344469 0.630049
0.217762 0.941716
0.232936 0.680964
0.949762 0.538457
0.774826 0.958946
0.454486 0.404886
0.560508 0.234715
0.034869 0.618058
0.840985 0.659164
0.714089 0.110998
0.689543 0.621004
0.248906 0.664522
0.510879 0.760337
0.832703 0.842956
0.602393 0.848142
0.265272 0.763498
0.904200 0.270828
0.216423 0.118219
0.150057 0.198224
0.983480 0.821719
0.565308 0.401842
0.197130 0.550493
0.277218 0.141455
0.839577 0.166825
0.731173 0.437017
0.819742 0.799476
0.943843 0.826485
0.333064 0.458280
0.976584 0.454193
0.980731 0.786032
0.543660 0.779708
0.277950 0.990803
0.107940 0.377452
0.638574 0.489241
0.768044 0.658733
0.911529 0.768659
0.784775 0.830086
0.054117 0.459437
0.764952 0.515547
0.190931 0.649887
0.536563 0.211920
0.497244 0.524005
0.485132 0.814751
0.554319 0.309008
0.710960 0.479155
0.227112 0.783819
0.519000 0.537502
0.663937 0.192388
0.601788 0.462145
0.961993 0.387452
0.135036 0.126507
0.105475 0.056572
0.042400 0.499991
0.055064 0.640856
0.437976 0.790783
0.456272 0.688238
0.507474 0.397567
0.041751 0.785227
0.531350 0.927572
0.241221 0.649661
0.929249 0.455670
0.299998 0.028435
0.645666 0.797740
0.113453 0.581251
0.263433 0.821931
0.688645 0.434266
0.538584 0.667711
0.352624 0.062489
0.400651 0.769441
0.181738 0.868592
0.941744 0.598555
0.374257 0.384808
0.988287 0.970631
0.810475 0.452289
0.661698 0.541285
0.511376 0.498868
0.211634 0.276830
0.725596 0.181308
0.806856 0.835630
0.954930 0.972275
0.249119 0.442259
0.134454 0.663243
0.201007 0.224714
0.393848 0.086885
0.499912 0.003635
0.801978 0.369204
0.503136 0.032136
0.160790 0.473967
0.606154 0.576430
0.670675 0.972568
0.797804 0.578223
0.884295 0.487821
0.797533 0.339863
0.410930 0.537613
0.529103 0.381134
0.506797 0.269329
0.364976 0.047074
0.568718 0.052528
0.092330 0.103729
0.403021 0.635789
0.124369 0.545135
0.162529 0.590753
0.991495 0.219266
0.345375 0.337972
0.840730 0.928938
0.342115 0.077860
0.595670 0.889863
0.982863 0.927650
0.910918 0.446424
0.916866 0.431492
0.872178 0.137973
0.677681 0.741389
0.342986 0.376080
0.903837 0.162178
0.790203 0.236413
0.882332 0.781985
0.727066 0.880275
0.610232 0.256329
0.318063 0.644095
0.810010 0.987569
0.361316 0.348752
0.791030 0.251970
0.369365 0.337112
0.821618 0.715000
0.599329 0.744166
0.394901 0.233036
0.106006 0.830019
0.889667 0.321946
0.321543 0.512692
0.219345 0.690603
0.870692 0.270365
0.760010 0.626273
0.131128 0.921015
0.317188 0.250295
0.498518 0.257838
0.809658 0.752756
0.622788 0.882201
0.191222 0.509804
0.806509 0.026154
0.489719 0.473952
0.919232 0.781816
0.101845 0.750031
0.173021 0.880796
0.466824 0.053128
0.149802 0.369286
0.617014 0.825684
0.969384 0.549179
0.006919 0.989754
0.476884 0.763764
0.841290 0.214718
0.100601 0.893037
0.912713 0.806645
0.356746 0.366427
0.993881 0.658589
0.791904 0.892028
0.134536 0.690671
0.500441 0.719158
0.424420 0.212522
0.478062 0.329876
0.652082 0.783517
0.570380 0.828331
0.322264 0.936246
0.157122 0.422501
0.767693 0.603651
0.486986 0.921878
0.403880 0.411806
0.372384 0.410439
0.291478 0.917473
0.231499 0.586069
0.924181 0.607284
0.081755 0.552503
0.733398 0.909520
0.184037 0.115595
0.800812 0.313535
0.923132 0.300885
0.856150 0.190312
0.446596 0.589042
0.333090 0.019088
0.571821 0.334288
0.723089 0.471545
0.224940 0.320587
0.216829 0.486422
0.662731 0.076349
0.333586 0.943742
0.060512 0.765836
0.653401 0.037194
0.012967 0.230203
0.943871 0.764781
0.611905 0.591798
0.292506 0.092423
0.708183 0.051761
0.824505 0.620867
0.357846 0.911292
0.631523 0.058933
0.325671 0.207909
0.930889 0.150170
0.409178 0.479961
0.392649 0.525954
0.547085 0.326693
0.611463 0.281102
0.590178 0.818321
0.309609 0.477296
0.518567 0.584912
0.631789 0.793262
0.967570 0.443356
0.828551 0.301867
0.058077 0.032335
0.586234 0.382410
0.415426 0.910553
0.590928 0.152632
0.280870 0.261981
0.514569 0.075951
0.847817 0.044479
0.509669 0.907320
0.023597 0.328029
0.437928 0.208733
0.907467 0.596995
0.569903 0.494329
0.633413 0.175359
0.883111 0.818126
0.234394 0.191794
0.618206 0.139526
0.466399 0.142064
0.863518 0.954561
0.869324 0.345566
0.923741 0.117370
0.153638 0.908443
0.157581 0.730580
0.095757 0.663766
0.163097 0.869434
0.711052 0.843247
0.024135 0.597168
0.877769 0.623039
0.571691 0.372054
0.529312 0.248571
0.821715 0.423856
0.669856 0.788415
0.863523 0.784248
0.492262 0.729574
0.868844 0.026402
0.910046 0.935046
0.845351 0.253531
0.587081 0.627933
0.166471 0.450375
0.881509 0.996760
0.006093 0.667599
0.238157 0.747613
0.462902 0.531202
0.438621 0.080129
0.035282 0.129409
0.375716 0.073530
0.329008 0.870309
0.120501 0.567128
0.753747 0.377801
0.605629 0.556697
0.698638 0.989374
0.864355 0.400836
0.890850 0.423102
0.626804 0.662200
0.348455 0.315958
0.524533 0.122554
0.075146 0.328941
0.986995 0.042686
0.454564 0.080784
0.861419 0.430626
0.134248 0.528373
0.377275 0.788510
0.451834 0.742684
0.774794 0.813792
0.892846 0.260403
0.484502 0.253716
0.435230 0.665696
0.287812 0.157312
0.217790 0.163561
0.616328 0.215782
0.629260 0.841845
0.561315 0.929259
0.884162 0.012647
0.235255 0.517144
0.843020 0.696744
0.335321 0.065703
0.275043 0.859143
0.675122 0.625016
0.000691 0.742662
0.223578 0.335567
0.028035 0.437576
0.897559 0.586028
0.451058 0.044537
0.855209 0.662991
0.734871 0.065425
0.360745 0.928371
0.438689 0.276424
0.300314 0.927897
0.500193 0.986805
0.500810 0.137853
0.174705 0.927220
0.960629 0.601739
0.888018 0.982484
0.406014 0.510983
0.515607 0.743774
0.639275 0.729409
0.507681 0.541546
0.160350 0.345106
0.095424 0.397292
0.508106 0.335120
0.897105 0.090783
0.354932 0.383878
0.824759 0.165882
0.198660 0.427491
0.750866 0.037844
0.893359 0.473048
0.152759 0.037923
0.888341 0.362152
0.774836 0.720884
0.908065 0.300782
0.226795 0.100908
0.255410 0.568979
0.202107 0.398758
0.917684 0.335720
0.732578 0.258642
0.392998 0.793788
0.074343 0.869624
0.475960 0.463859
0.224796 0.306175
0.764743 0.850236
0.188720 0.989471
0.602943 0.036677
0.320956 0.062217
0.529200 0.200638
0.076408 0.763456
0.111223 0.462267
0.112794 0.758090
0.640710 0.671096
0.625156 0.280636
0.057424 0.169768
0.243682 0.050366
0.469364 0.997496
0.196954 0.900442
0.958849 0.567535
0.442890 0.153951
0.902655 0.199274
0.730784 0.031644
0.245464 0.526825
0.728562 0.451467
0.953118 0.288602
0.540869 0.260830
0.440732 0.858251
0.627175 0.947469
0.834415 0.225775
0.371503 0.208972
0.309472 0.389052
0.827346 0.243228
0.243941 0.278304
0.226897 0.854001
0.200512 0.940475
0.815230 0.383499
0.704302 0.369882
0.110221 0.620017
0.494591 0.551595
0.908065 0.317192
0.665493 0.154857
0.918030 0.526139
0.200625 0.953999
0.442857 0.892441
0.558478 0.431882
0.849966 0.572894
0.110910 0.772888
0.481128 0.935120
0.021487 0.988989
0.355624 0.118838
0.603659 0.019760
0.384581 0.986774
0.059623 0.504708
0.168926 0.168147
0.155187 0.602230
0.681575 0.779361
0.077175 0.140111
0.157859 0.624022
0.772511 0.477912
0.017122 0.391322
0.589414 0.608349
0.274702 0.455807
0.520598 0.864965
0.734503 0.721421
0.381568 0.966722
0.753523 0.506702
0.090099 0.332703
0.887648 0.025845
0.209055 0.316057
0.896680 0.808279
0.411022 0.032809
0.894682 0.374739
0.275782 0.901159
0.556050 0.336818
0.237090 0.379801
0.788679 0.978157
0.286876 0.426347
0.801776 0.090425
0.803413 0.403138
0.827356 0.360252
0.097035 0.939227
0.682410 0.188924
0.689211 0.591677
0.779451 0.128156
0.524881 0.731446
0.387794 0.730397
0.753381 0.162133
0.909420 0.725804
0.591243 0.013526
0.270020 0.107538
0.996003 0.809930
0.513430 0.995341
0.084371 0.712323
0.268840 0.698602
0.932401 0.268302
0.332372 0.922635
0.454121 0.148596
0.894399 0.494810
0.099885 0.115550
0.605914 0.719537
0.014450 0.568442
0.803254 0.283553
0.582568 0.138682
0.618210 0.784579
0.054653 0.090501
0.971388 0.178200
0.364931 0.396697
0.163994 0.261800
0.271711 0.717102
0.557379 0.969156
0.149369 0.400048
0.980756 0.661419
0.990324 0.293000
0.541117 0.053420
0.139166 0.164403
0.979269 0.024938
0.132412 0.858880
0.599361 0.227421
0.293883 0.856475
0.555824 0.087008
0.120896 0.660305
0.338233 0.147845
0.506681 0.890881
0.337919 0.791469
0.073137 0.626588
0.445256 0.488831
0.243944 0.483579
0.968239 0.775684
0.933040 0.181635
0.174722 0.998150
0.627851 0.128161
0.848998 0.201855
0.251456 0.264580
0.977776 0.123616
0.778565 0.276257
0.701824 0.389711
0.718619 0.995816
0.150313 0.223786
0.266448 0.927621
0.182526 0.634503
0.318203 0.358748
0.648952 0.334893
0.936059 0.194505
0.539206 0.347043
0.637265 0.932341
0.127030 0.241965
0.717853 0.314851
0.511871 0.150692
0.307470 0.151689
0.083647 0.204084
0.096797 0.780911
0.022763 0.145570
0.804430 0.122381
0.296228 0.788648
0.520985 0.912774
0.969240 0.003110
0.711218 0.550766
0.615184 0.005621
0.668879 0.812454
0.233253 0.084992
0.241569 0.964279
0.758110 0.880352
0.405725 0.098840
0.821524 0.152967
0.042486 0.936770
0.857833 0.896113
0.564510 0.616903
0.991351 0.505748
0.508136 0.705118
0.005032 0.685063
0.956704 0.147532
0.513676 0.012398
0.653953 0.818044
0.707368 0.808664
0.836934 0.879328
0.785708 0.074038
0.853584 0.175076
0.658516 0.425987
0.698938 0.319523
0.419312 0.590166
0.128487 0.762506
0.805202 0.854018
0.890488 0.293362
0.781510 0.765567
0.917956 0.639668
0.952007 0.184074
0.593611 0.123869
0.024240 0.449602
0.364291 0.148984
0.891024 0.553608
0.726873 0.013745
0.854897 0.389700
0.934385 0.632887
0.484279 0.192815
0.182012 0.310658
0.106945 0.332427
0.832697 0.865453
0.671249 0.287732
0.089283 0.620717
0.167369 0.792071
0.750474 0.777042
0.160209 0.182019
0.974284 0.709489
0.148424 0.150789
0.843885 0.781361
0.133317 0.442834
0.233650 0.733149
0.278656 0.944216
0.037823 0.427117
0.271495 0.067926
0.073234 0.951606
0.515430 0.981336
0.365365 0.809970
0.647164 0.010680
0.210633 0.603138
0.365306 0.259827
0.491974 0.571754
0.616633 0.748566
0.931974 0.716159
0.536985 0.109840
0.638164 0.873048
0.720543 0.730292
0.194772 0.597612
0.820166 0.853769
0.047323 0.191236
0.458558 0.438609
0.947137 0.715690
0.250960 0.372013
0.824502 0.989879
0.092395 0.346463
0.029755 0.030417
0.969012 0.870319
0.747488 0.073195
0.071344 0.528846
0.940060 0.568258
0.022495 0.790788
0.092679 0.822839
0.259871 0.337563
0.028613 0.810329
0.673059 0.462145
0.413211 0.045213
0.713098 0.930211
0.637363 0.477676
0.571443 0.942657
0.906473 0.213315
0.170713 0.741132
0.386178 0.339462
0.212223 0.902271
0.441226 0.510703
0.391817 0.070286
0.959136 0.928748
0.476238 0.847778
0.212060 0.622521
0.582960 0.895767
0.300424 0.819767
0.052396 0.516856
0.399015 0.053522
0.447736 0.322439
0.104281 0.190010
0.901509 0.572552
0.783514 0.472584
0.607430 0.083358
0.538399 0.791813
0.089338 0.159246
0.379004 0.279418
0.889424 0.207565
0.672767 0.502697
0.139591 0.325472
0.335454 0.436424
0.530167 0.942600
0.899190 0.608534
0.997773 0.109568
0.955717 0.213862
0.333698 0.536100
0.325899 0.482435
0.095055 0.766926
0.294053 0.737866
0.334458 0.670955
0.166768 0.558211
0.018867 0.340152
0.827869 0.938113
0.066186 0.839541
0.010193 0.618657
0.824573 0.446023
0.285662 0.190519
0.038049 0.180714
0.938740 0.673704
0.467233 0.679129
0.728635 0.706914
0.284997 0.507113
0.035177 0.999355
0.928289 0.981617
0.149153 0.717735
0.006646 0.052927
0.999392 0.187481
0.459049 0.245365
0.305010 0.635300
0.682350 0.855561
0.206403 0.362569
0.325799 0.156374
0.973725 0.972572
0.166485 0.127464
0.228659 0.929977
0.777502 0.554207
0.855068 0.981408
0.741538 0.894801
0.132228 0.557775
0.820136 0.727858
0.282538 0.595753
0.664307 0.089799
0.158540 0.804062
0.692462 0.162920
0.770634 0.355703
0.046849 0.346111
0.349274 0.491268
0.076855 0.801194
0.633250 0.074029
0.216054 0.956888
0.281218 0.579759
0.284528 0.554422
0.445319 0.609434
0.627117 0.769256
0.916576 0.888098
0.410689 0.798169
0.252673 0.456406
0.393275 0.128374
0.179150 0.784357
0.795243 0.485707
0.321366 0.904531
0.254023 0.166198
0.343019 0.847633
0.719420 0.855590
0.356973 0.997919
0.886398 0.592995
0.026466 0.824452
0.092065 0.925045
0.737769 0.659288
0.216863 0.836693
0.807975 0.635161
0.136700 0.496630
0.747091 0.397388
0.411539 0.861455
0.696044 0.481166
0.542422 0.288527
0.169032 0.112294
0.036970 0.400785
0.101595 0.723094
0.524355 0.506780
0.036819 0.055818
0.176452 0.649631
0.647938 0.072504
0.112917 0.422810
0.798760 0.950451
0.601615 0.902391
0.139755 0.540192
0.673669 0.986867
0.919682 0.839363
0.885300 0.075840
0.983130 0.758397
0.265459 0.949507
0.411497 0.757295
0.031197 0.289663
0.985305 0.479111
0.231040 0.286906
0.799948 0.911687
0.362307 0.942070
0.050771 0.406608
0.773746 0.093513
0.580104 0.581021
0.644009 0.951412
0.464926 0.845778
0.961317 0.457771
0.502032 0.589572
0.241252 0.835135
0.146672 0.449522
0.576713 0.237152
0.466453 0.349877
0.305194 0.520833
0.178291 0.357193
0.143486 0.997726
0.623750 0.919785
0.249486 0.869752
0.082773 0.783546
0.214580 0.858091
0.648492 0.529399
0.951498 0.134476
0.793555 0.664849
0.850646 0.065373
0.497147 0.687216
0.000612 0.346616
0.316723 0.024475
0.416252 0.811221
0.123746 0.949371
0.058774 0.656904
0.186468 0.177194
0.234028 0.764596
0.677020 0.823522
0.661433 0.556902
0.950718 0.232327
0.154752 0.137659
0.896835 0.005216
0.920437 0.691072
0.910894 0.127183
0.738124 0.587375
0.952006 0.373842
0.905863 0.552688
0.478213 0.877935
0.998580 0.935278
0.561726 0.482329
0.428349 0.346555
0.511585 0.281726
0.402811 0.883761
0.531714 0.482513
0.009939 0.944701
0.748747 0.922083
0.544705 0.440601
0.716570 0.097387
0.813710 0.480436
0.169329 0.275541
0.601325 0.164597
0.559842 0.002232
0.463245 0.698737
0.573969 0.209100
0.962355 0.226030
0.500180 0.867973
0.013892 0.247548
0.754291 0.013716
0.778328 0.667763
0.262138 0.637657
0.928752 0.952169
0.553379 0.371113
0.266046 0.241438
0.183519 0.714346
0.468490 0.476865
0.105110 0.569690
0.953855 0.553130
0.195608 0.001095
0.631602 0.961567
0.579589 0.682265
0.697194 0.660653
0.294754 0.054710
0.725672 0.924603
0.284973 0.202991
0.008349 0.598216
0.415033 0.422768
0.419264 0.959974
0.381565 0.009466
0.386890 0.270586
0.884658 0.242539
0.077523 0.610736
0.704061 0.619921
0.481933 0.422287
0.589068 0.198550
0.206711 0.094959
0.455136 0.560837
0.762906 0.047333
0.776470 0.984181
0.671308 0.112110
0.637768 0.204567
0.816285 0.566906
0.053671 0.358562
0.060824 0.622716
0.341562 0.409525
0.741909 0.482078
0.709891 0.965704
0.008111 0.714456
0.743770 0.867738
0.743849 0.695762
0.752917 0.554083
0.596726 0.286672
0.160611 0.212493
0.613094 0.768768
0.686348 0.648491
0.145838 0.703601
0.263333 0.081618
0.036393 0.143441
0.210636 0.566061
0.756788 0.404345
0.369734 0.299898
0.047053 0.741606
0.000073 0.321463
0.335122 0.645421
0.071602 0.733699
0.992794 0.792363
0.802628 0.925337
0.244859 0.722822
0.433563 0.576858
0.007939 0.451309
0.815836 0.526449
0.804834 0.809095
0.405229 0.965550
0.270766 0.349295
0.048297 0.541044
0.408610 0.562250
0.627837 0.418292
0.401787 0.269171
0.103284 0.473364
0.664050 0.398704
0.244334 0.467548
0.251241 0.153979
0.076537 0.475035
0.020362 0.853975
0.149073 0.123119
0.604555 0.603520
0.038881 0.911591
0.579392 0.546562
0.804904 0.870438
0.721794 0.613251
0.141054 0.907132
0.051557 0.489927
0.301860 0.130797
0.383828 0.057965
0.696647 0.603756
0.263274 0.256308
0.818269 0.003831
0.953885 0.804535
0.344671 0.180444
0.690796 0.467720
0.899695 0.185985
0.982794 0.321045
0.321995 0.605993
0.734543 0.943134
0.962153 0.945852
0.464482 0.039357
0.779111 0.781457
0.958144 0.722804
0.316392 0.330263
0.980083 0.143537
0.424431 0.227548
0.432212 0.819464
0.428678 0.253777
0.811650 0.338220
0.798559 0.015183
0.179600 0.030547
0.785501 0.650017
0.707158 0.463897
0.122000 0.843771
0.998340 0.231463
0.650010 0.215859
0.048536 0.608236
0.626978 0.516155
0.555256 0.902169
0.354364 0.470844
0.689344 0.917449
0.279894 0.665905
0.466003 0.739010
0.082968 0.022503
0.067451 0.378135
0.149964 0.876925
0.098919 0.611616
0.414953 0.773491
0.299048 0.253926
0.665340 0.877794
0.774314 0.908480
0.687371 0.146505
0.392930 0.996801
0.783731 0.145854
0.521805 0.060427
0.791183 0.862027
0.452880 0.785645
0.893057 0.172690
0.480054 0.522755
0.743059 0.881802
0.216910 0.984958
0.939290 0.034096
0.066920 0.902879
0.450393 0.181795
0.917960 0.286431
0.216417 0.529381
0.790090 0.189930
0.396394 0.299565
0.150036 0.946410
0.394496 0.929557
0.110772 0.713187
0.139957 0.847648
0.789691 0.600199
0.924736 0.168132
0.391078 0.027449
0.381033 0.763819
0.491455 0.358131
0.476478 0.798525
0.284176 0.368334
0.229710 0.953992
0.945069 0.732870
0.635465 0.685147
0.332283 0.493384
0.535020 0.869401
0.040070 0.727686
0.373459 0.469914
0.490349 0.321340
0.466289 0.274630
0.298908 0.436461
0.109408 0.986482
0.345222 0.751770
0.045594 0.168209
0.048962 0.475738
0.267139 0.806261
0.600673 0.271406
0.360581 0.603312
0.140461 0.388198
0.829736 0.574979
0.343431 0.656021
0.616486 0.898151
0.733723 0.552761
0.911101 0.851328
0.171197 0.381200
0.300769 0.650447
0.879506 0.861819
0.445613 0.096176
0.470168 0.923092
0.679149 0.083128
0.119259 0.033029
0.610815 0.371734
0.756827 0.293724
0.065108 0.466908
0.239805 0.693224
0.473114 0.782674
0.213778 0.210668
0.266768 0.962797
0.428195 0.804835
0.802852 0.677122
0.099753 0.878943
0.454179 0.520219
0.371839 0.525204
0.331203 0.418193
0.535737 0.454578
0.019837 0.630912
0.766523 0.528782
0.288379 0.237273
0.718290 0.911049
0.015361 0.315132
0.643086 0.501804
0.022064 0.055852
0.027693 0.944520
0.276379 0.628471
0.858340 0.693849
0.029637 0.116718
0.668007 0.730327
0.076031 0.006011
0.157284 0.461342
0.857341 0.138314
0.912685 0.461284
0.103483 0.518157
0.283978 0.959671
0.745034 0.634766
0.915823 0.022607
0.841245 0.673377
0.398572 0.820146
0.072900 0.169495
0.657703 0.980918
0.032538 0.534322
0.179793 0.329512
0.216739 0.351517
0.524804 0.266813
0.935459 0.504967
0.970007 0.335130
0.655698 0.488304
0.498908 0.801155
0.894377 0.930236
0.625947 0.365255
0.493013 0.536528
0.463857 0.581603
0.005562 0.172707
0.213904 0.261148
0.621384 0.265222
0.804261 0.145655
0.595118 0.859658
0.257563 0.725556
0.203867 0.843906
0.367712 0.762141
0.238631 0.223063
0.014818 0.280015
0.747135 0.054159
0.516335 0.522956
0.484575 0.374541
0.548155 0.632364
0.723768 0.660944
0.689350 0.698802
0.236342 0.163551
0.087621 0.972774
0.173405 0.529276
0.217919 0.888591
0.179653 0.442337
0.269701 0.368765
0.503355 0.368788
0.478664 0.361347
0.622360 0.714636
0.020297 0.522617
0.603620 0.821186
0.569964 0.310158
0.351093 0.224932
0.395150 0.566441
0.506721 0.840959
0.584020 0.489984
0.790655 0.294428
0.031475 0.571362
0.365679 0.871471
0.671154 0.693473
0.696262 0.849656
0.189757 0.455017
0.574172 0.348296
0.675550 0.030469
0.551729 0.672743
0.463445 0.773395
0.481855 0.907236
0.654360 0.101086
0.232863 0.041184
0.705734 0.677218
0.994988 0.955420
0.720401 0.562872
0.941327 0.211415
0.467432 0.413086
0.285787 0.892665
0.313957 0.440763
0.897891 0.739861
0.115832 0.534098
0.794915 0.553927
0.509239 0.619147
0.816512 0.078881
0.921832 0.902848
0.469699 0.566792
0.202612 0.049953
0.106467 0.239507
0.295449 0.903091
0.534374 0.497046
0.029818 0.660511
0.177686 0.855597
0.515000 0.024195
0.200443 0.499427
0.006388 0.415865
0.279981 0.763485
0.246332 0.986643
0.144600 0.925814
0.795364 0.516808
0.756224 0.642906
0.174023 0.369676
0.522032 0.369367
0.122887 0.325832
0.843674 0.718835
0.126154 0.777266
0.602678 0.333125
0.837607 0.986852
0.887810 0.510068
0.524076 0.220797
0.597744 0.350234
0.134450 0.028530
0.326203 0.396207
0.144318 0.076908
0.034412 0.764057
0.138948 0.339423
0.466045 0.293133
0.336625 0.105817
0.189059 0.300217
0.644312 0.465609
0.697894 0.189724
0.445412 0.111118
0.218036 0.224951
0.608005 0.237548
0.258444 0.515334
0.092103 0.381346
0.223389 0.565158
0.122508 0.519459
0.167528 0.608780
0.098097 0.090288
0.536884 0.274855
0.944897 0.462348
0.189870 0.287119
0.268715 0.503630
0.143723 0.630513
0.848984 0.289958
0.264199 0.680311
0.881050 0.970994
0.681525 0.515617
0.091832 0.304223
0.449906 0.934564
0.836206 0.327159
0.872053 0.898981
0.072137 0.030667
0.837707 0.750186
0.210776 0.998108
0.935675 0.614976
0.488857 0.028077
0.610713 0.658889
0.677151 0.898111
0.170370 0.039718
0.970173 0.761040
0.376867 0.510678
0.297405 0.535949
0.870662 0.983908
0.127387 0.076132
0.184249 0.425090
0.666706 0.445751
0.427255 0.758485
0.777607 0.443711
0.306711 0.075890
0.824938 0.660648
0.928736 0.517255
0.181642 0.730524
0.530586 0.681986
0.760460 0.809202
0.355211 0.693582
0.771443 0.197081
0.414434 0.321495
0.229606 0.440575
0.293620 0.758428
0.595881 0.110125
0.404735 0.377575
0.448532 0.728406
0.350516 0.577501
0.692677 0.735780
0.396317 0.114782
0.154864 0.051982
0.343623 0.273178
0.271499 0.565390
0.295256 0.680318
0.280169 0.730945
0.310430 0.491505
0.613076 0.470082
0.716533 0.415299
0.007545 0.899537
0.818252 0.254422
0.608336 0.806757
0.175929 0.207523
0.224819 0.366346
0.566776 0.844820
0.658526 0.457571
0.437709 0.959498
0.240266 0.706942
0.024825 0.881174
0.296822 0.804353
0.221368 0.033824
0.199519 0.125303
0.845216 0.358798
0.558611 0.782955
0.507477 0.444768
0.700967 0.350904
0.376139 0.192185
0.788304 0.104151
0.193392 0.039196
0.893922 0.887050
0.834551 0.120126
0.783671 0.203883
0.577722 0.709346
0.408772 0.063548
0.292806 0.411342
0.020838 0.408558
0.001446 0.852064
0.189758 0.677603
0.738165 0.675759
0.051881 0.434210
0.357393 0.419400
0.909282 0.919605
0.356641 0.210515
0.284179 0.844970
0.085490 0.892967
0.423907 0.946938
0.423735 0.854046
0.148724 0.962223
0.965136 0.899264
0.961102 0.042972
0.983192 0.281980
0.994898 0.140932
0.660693 0.411987
0.115217 0.146004
0.264942 0.749507
0.918655 0.473777
0.240120 0.886271
0.930950 0.746331
0.581657 0.837573
0.729735 0.416977
0.404130 0.587967
0.751814 0.251427
0.227881 0.251691
0.264894 0.446115
0.218472 0.661049
0.476018 0.443815
0.108602 0.801287
0.952898 0.323063
0.944292 0.153936
0.858020 0.535560
0.860290 0.331535
0.374660 0.952643
0.687874 0.947528
0.690695 0.132469
0.072524 0.690526
0.462208 0.612022
0.716396 0.164543
0.566543 0.743254
0.460574 0.208434
0.068357 0.976896
0.276849 0.051806
0.529465 0.299374
0.771489 0.073855
0.870900 0.201842
0.728927 0.845272
0.997318 0.864436
0.651875 0.866923
0.622485 0.867736
0.462066 0.722956
0.813233 0.543876
0.686741 0.070987
0.766788 0.302703
0.631340 0.742392
0.650233 0.573335
0.899783 0.248054
0.027085 0.302542
0.489907 0.434787
0.971037 0.306934
0.299235 0.506532
0.674055 0.324106
0.957051 0.840820
0.259000 0.279332
0.526748 0.571653
0.396042 0.703050
0.383781 0.496696
0.631021 0.756124
0.485937 0.862548
0.871165 0.319168
0.945184 0.436413
0.365954 0.642607
0.279848 0.816991
0.859495 0.591639
0.269046 0.040206
0.578284 0.881514
0.095580 0.597197
0.548562 0.859918
0.714594 0.022060
0.469995 0.084634
0.162855 0.506906
0.855260 0.349329
0.009025 0.215792
0.878835 0.376508
0.527737 0.440241
0.736635 0.104266
0.469456 0.810467
0.884541 0.607819
0.354686 0.551388
0.321342 0.526731
0.381689 0.221149
0.845406 0.133857
0.887748 0.039840
0.637614 0.381925
0.207369 0.032069
0.456591 0.003949
0.648033 0.903974
0.288962 0.868621
0.982965 0.236277
0.118262 0.182612
0.755889 0.190846
0.663920 0.644206
0.427748 0.877398
0.667573 0.609722
0.617828 0.565905
0.365614 0.164576
0.990489 0.881964
0.733340 0.776941
0.105916 0.279332
0.359789 0.590476
0.396930 0.166477
0.573833 0.065495
0.788178 0.815621
0.899966 0.075380
0.575655 0.778813
0.832664 0.106714
0.683555 0.722820
0.714223 0.452679
0.956812 0.825477
0.406134 0.947682
0.870638 0.607244
0.079093 0.922966
0.157049 0.991137
0.448083 0.994696
0.855882 0.447982
0.350182 0.677134
0.105012 0.042558
0.654047 0.733773
0.210844 0.712222
0.297839 0.773520
0.873598 0.793968
0.356954 0.623497
0.542747 0.897717
0.300728 0.959520
0.730712 0.982183
0.408362 0.442137
0.407984 0.920611
0.714836 0.627435
0.036416 0.072660
0.218956 0.769620
0.760569 0.495903
0.583148 0.522136
0.965573 0.018999
0.324562 0.858406
0.294122 0.145198
0.682030 0.448095
0.126199 0.904754
0.203650 0.679697
0.960914 0.679493
0.574653 0.433334
0.235466 0.263719
0.070478 0.293807
0.373548 0.100372
0.471337 0.968083
0.742009 0.430703
0.535398 0.957187
0.180840 0.906940
0.216103 0.638110
0.677070 0.125677
0.724110 0.584458
0.545514 0.196010
0.853741 0.462059
0.761779 0.544359
0.455157 0.902919
0.924129 0.041096
0.499340 0.307148
0.739456 0.159951
0.284451 0.102903
0.442667 0.390287
0.386297 0.901981
0.245677 0.928978
0.509382 0.230097
0.045499 0.024867
0.967550 0.135087
0.169264 0.939805
0.284207 0.972776
0.333591 0.752850
0.286793 0.037691
0.263939 0.896438
0.390955 0.102241
0.871564 0.415512
0.902120 0.993366
0.603774 0.956828
0.400744 0.741256
0.237608 0.363679
0.683931 0.492160
0.853425 0.500640
0.400948 0.363285
0.917555 0.737774
0.370461 0.627506
0.063962 0.575748
0.477863 0.537490
0.616737 0.092021
0.235324 0.406537
0.391036 0.469646
0.953746 0.169656
0.545296 0.002705
0.503836 0.603331
0.201327 0.533073
0.580599 0.105313
0.453782 0.503190
0.235600 0.453030
0.243971 0.337004
0.911194 0.616246
0.761569 0.704778
0.693494 0.085842
0.510169 0.182449
0.928591 0.797011
0.293487 0.982440
0.108344 0.265164
0.306791 0.971158
0.204284 0.695298
0.448694 0.710042
0.114727 0.875831
0.752271 0.678869
0.443402 0.826204
0.084107 0.403580
0.863940 0.122893
0.636147 0.035680
0.954619 0.881331
0.513067 0.129919
0.880948 0.803419
0.732480 0.517223
0.728975 0.865219
0.269919 0.190720
0.141415 0.464065
0.902484 0.977005
0.001709 0.645899
0.825161 0.321104
0.767734 0.182006
0.018767 0.669700
0.442604 0.428859
0.114799 0.117793
0.061428 0.154191
0.904920 0.032719
0.944945 0.983221
0.223813 0.752425
0.181454 0.259347
0.935180 0.909227
0.141767 0.416758
0.667757 0.527899
0.729300 0.152540
0.546254 0.220820
0.191341 0.372688
0.214273 0.501530
0.882342 0.464698
0.925210 0.651164
0.048382 0.756880
0.058817 0.285436
0.734036 0.400278
0.017284 0.931610
0.120117 0.610200
0.676513 0.175241
0.062569 0.445110
0.740672 0.085344
0.087384 0.447629
0.661459 0.049240
0.256209 0.623108
0.135629 0.103907
0.478456 0.668411
0.622463 0.434831
0.548494 0.404507
0.712269 0.327005
0.002607 0.156959
0.334857 0.326133
0.538385 0.836091
0.102245 0.863851
0.759201 0.669109
0.203738 0.736510
0.053140 0.896843
0.072092 0.246225
0.198322 0.272158
0.888482 0.220991
0.897562 0.721033
0.094101 0.986970
0.294503 0.488571
0.718403 0.434520
0.123189 0.471377
0.283550 0.537964
0.224942 0.599572
0.567073 0.655068
0.004554 0.333348
0.972721 0.691218
0.396404 0.217278
0.712967 0.358488
0.326322 0.738425
0.479274 0.578152
0.562708 0.713215
0.868186 0.464886
0.949864 0.948104
0.155087 0.931996
0.801167 0.075680
0.203930 0.196442
0.886110 0.106052
0.020721 0.542893
0.778526 0.510567
0.605082 0.788279
0.305917 0.205165
0.168604 0.071015
0.793236 0.275472
0.122101 0.502048
0.779635 0.343547
0.990100 0.586791
0.855256 0.809313
0.463298 0.825315
0.306744 0.594587
0.717107 0.065638
0.848959 0.118160
0.668614 0.064221
0.078283 0.964885
0.112177 0.214193
0.030378 0.868549
0.325272 0.446685
0.548085 0.180638
0.202053 0.384996
0.465725 0.183787
0.618361 0.182120
0.536564 0.013349
0.725022 0.895340
0.233727 0.800783
0.811258 0.701267
0.463583 0.953246
0.648995 0.832934
0.927211 0.100690
0.700000 0.336835
0.343034 0.874715
0.564222 0.035999
0.876541 0.884903
0.848650 0.431954
0.159889 0.707169
0.552804 0.740800
0.425642 0.527172
0.327906 0.632788
0.013225 0.298833
0.654678 0.655416
0.661506 0.950277
0.433481 0.238924
0.722517 0.243469
0.566191 0.099755
0.970407 0.208410
0.613230 0.839560
0.855235 0.106951
0.723327 0.676919
0.244959 0.128316
0.621573 0.405652
0.671786 0.762615
0.942012 0.810434
0.547436 0.754259
0.661951 0.209809
0.539204 0.123588
0.980598 0.347995
0.054709 0.694291
0.765950 0.167981
0.664959 0.747884
0.455206 0.280449
0.136821 0.139782
0.408618 0.978694
0.566988 0.958628
0.899036 0.455977
0.462500 0.393341
0.321878 0.547739
0.010485 0.029496
0.844905 0.472678
0.998433 0.427992
0.135926 0.087810
0.339277 0.686403
0.206155 0.142831
0.205979 0.517642
0.273066 0.159958
0.557416 0.293766
0.574428 0.460914
0.998067 0.894605
0.457354 0.231941
0.484475 0.984220
0.024859 0.371776
0.081445 0.989754
0.951544 0.421462
0.346598 0.029267
0.133009 0.377344
0.078778 0.815871
0.096060 0.808407
0.868488 0.745002
0.778630 0.749580
0.584562 0.419772
0.201420 0.981634
0.581928 0.695819
0.165493 0.835063
0.059046 0.339205
0.977606 0.088751
0.564086 0.161300
0.302577 0.043098
0.259415 0.356265
0.753208 0.599057
0.878370 0.922449
0.718947 0.264074
0.051683 0.259979
0.140709 0.311099
0.081851 0.742649
0.224806 0.002370
0.670886 0.222060
0.364502 0.317565
0.347125 0.808670
0.106206 0.688621
0.522867 0.632904
0.045910 0.294342
0.429688 0.711053
0.059948 0.197253
0.950412 0.579346
0.786731 0.923565
0.531678 0.070826
0.734508 0.994103
0.255522 0.306621
0.039966 0.523499
0.070252 0.718719
0.882771 0.742430
0.360985 0.195216
0.977107 0.914382
0.488119 0.299324
0.717221 0.037175
0.546053 0.687569
0.665995 0.302279
0.932930 0.283671
0.346711 0.917711
0.563872 0.548760
0.021021 0.017984
0.110727 0.010366
0.331536 0.810789
0.622075 0.454887
0.786541 0.905780
0.124863 0.596682
0.404160 0.312727
0.028146 0.679364
0.628128 0.162487
0.618263 0.038931
0.636707 0.431594
0.172380 0.085320
0.667475 0.337227
0.090092 0.952583
0.135863 0.361165
0.334861 0.561444
0.515256 0.255212
0.669821 0.486946
0.390808 0.512034
0.377426 0.023769
0.541901 0.233381
0.712302 0.795148
0.554403 0.278238
0.631210 0.148539
0.717426 0.818346
0.378800 0.645221
0.209226 0.248764
0.176981 0.476592
0.460517 0.096451
0.267017 0.877757
0.864017 0.152522
0.444768 0.290510
0.946464 0.791264
0.852747 0.850309
0.651981 0.272502
0.275489 0.215432
0.398218 0.009520
0.286697 0.131872
0.923468 0.594453
0.926058 0.072576
0.641292 0.139554
0.578365 0.042076
0.717862 0.146192
0.571196 0.086459
0.788139 0.634389
0.611111 0.151990
0.472732 0.154365
0.487534 0.833056
0.844055 0.488304
0.881757 0.089595
0.179277 0.229456
0.908100 0.063826
0.341124 0.974909
0.873651 0.041344
0.852844 0.303032
0.253764 0.972362
0.521013 0.958915
0.859732 0.649107
0.854831 0.680914
0.781368 0.177329
0.953934 0.056227
0.125364 0.430613
0.080777 0.699287
0.585138 0.313281
0.783345 0.018515
0.301292 0.228571
0.559894 0.071761
0.886208 0.450640
0.770846 0.645466
0.183681 0.555341
0.748479 0.178853
0.685358 0.666717
0.515335 0.653906
0.743995 0.415570
0.514523 0.208003
0.752216 0.095032
0.457598 0.164882
0.274643 0.519496
0.177223 0.756928
0.229591 0.114675
0.548633 0.817196
0.641563 0.231651
0.381318 0.257045
0.085086 0.265981
0.893901 0.653597
0.588951 0.786585
0.258183 0.652141
0.020504 0.068866
0.111164 0.163078
0.884927 0.350755
0.849874 0.602431
0.964023 0.494614
0.963279 0.513750
0.406346 0.345289
0.901508 0.434758
0.551416 0.164877
0.170706 0.099294
0.911064 0.957342
0.110581 0.485244
0.604568 0.067439
0.974314 0.623723
0.710950 0.830269
0.842714 0.544338
0.690330 0.750590
0.179607 0.838317
0.591829 0.673862
0.426287 0.121876
0.601542 0.381129
0.876974 0.055931
0.310560 0.787306
0.556140 0.388303
0.828786 0.762713
0.757186 0.480612
0.064486 0.545759
0.365148 0.030463
0.423306 0.788553
0.058761 0.736193
0.933770 0.687003
0.248638 0.139873
0.498742 0.632839
0.617959 0.689364
0.786389 0.680068
0.983680 0.438108
0.242046 0.295326
0.286299 0.651530
0.153868 0.110796
0.506894 0.060077
0.098681 0.319002
0.335346 0.831162
0.959920 0.471166
0.748751 0.313757
0.547874 0.881997
0.485566 0.108152
0.153874 0.289792
0.809478 0.355965
0.866776 0.998586
0.894977 0.230905
0.443115 0.055274
0.989643 0.557868
0.111334 0.900984
0.194406 0.929044
0.647047 0.180275
0.230012 0.533073
0.895535 0.308941
0.259197 0.001687
0.507089 0.668314
0.547502 0.709715
0.902978 0.017506
0.794467 0.047539
0.891572 0.899029
0.805378 0.246743
0.827163 0.898896
0.727819 0.275354
0.044417 0.865784
0.080681 0.371267
0.251913 0.811205
0.611793 0.913511
0.296645 0.622650
0.318969 0.105764
0.128376 0.114432
0.205711 0.807497
0.204349 0.343569
0.518879 0.600382
0.202720 0.013687
0.350926 0.505844
0.821752 0.924028
0.574291 0.296767
0.791245 0.450650
0.238146 0.942313
0.195275 0.441251
0.845560 0.818591
0.468248 0.068960
0.740108 0.606027
0.509273 0.773897
0.502424 0.430031
0.332926 0.285253
0.297754 0.708782
0.945635 0.309422
0.617515 0.329889
0.481519 0.684176
0.195317 0.256252
0.481577 0.713905
0.379856 0.804537
0.315438 0.817348
0.532228 0.519316
0.078848 0.582736
0.195773 0.725090
0.888660 0.842817
0.101888 0.152526
0.877968 0.936985
0.602511 0.306550
0.258385 0.063613
0.380494 0.873481
0.842866 0.614803
0.320191 0.408615
0.233658 0.665512
0.318268 0.921670
0.429858 0.091083
0.757572 0.962465
0.618200 0.963884
0.803920 0.471068
0.053782 0.720061
0.084080 0.569757
0.418936 0.336805
0.557675 0.602917
0.692800 0.117248
0.356234 0.302729
0.184249 0.664577
0.172536 0.290385
0.033972 0.714378
0.533894 0.822227
0.190407 0.581782
0.958232 0.275449
0.908180 0.749304
0.519421 0.409658
0.434243 0.868816
0.317881 0.281864
0.384724 0.746521
0.000867 0.726247
0.728674 0.826989
0.853723 0.757384
0.155068 0.332277
0.036632 0.336353
0.706673 0.903240
0.701832 0.068787
0.170045 0.983181
0.693162 0.934441
0.395312 0.482927
0.173918 0.621925
0.139049 0.009803
0.471369 0.864198
0.297357 0.315040
0.008698 0.798036
0.915556 0.003781
0.325311 0.468111
0.779148 0.327980
0.309153 0.725574
0.872217 0.589507
0.174591 0.703561
0.298873 0.179477
0.899000 0.048052
0.743017 0.024770
0.275008 0.027364
0.248927 0.901547
0.117004 0.917732
0.769383 0.577084
0.860915 0.054927
0.493054 0.180939
0.939707 0.168228
0.467607 0.023888
0.319512 0.195146
0.688896 0.273526
0.159279 0.005792
0.986621 0.771439
0.587991 0.213771
0.792322 0.784294
0.329054 0.371966
0.937648 0.839732
0.808467 0.899337
0.122125 0.095597
0.829382 0.476197
0.477653 0.748958
0.601393 0.513379
0.227452 0.211117
0.132028 0.748254
0.717271 0.340224
0.432222 0.738582
0.039449 0.459413
0.057650 0.392155
0.034620 0.799183
0.873611 0.479904
0.600357 0.395473
0.731282 0.691713
0.421506 0.548876
0.075831 0.673316
0.933299 0.340315
0.528684 0.758965
0.365977 0.225286
0.583558 0.990806
0.348134 0.355246
0.125304 0.808506
0.439454 0.335383
0.515464 0.427792
0.834143 0.684760
0.590794 0.873110
0.261340 0.862558
0.624036 0.647758
0.969540 0.886273
0.136167 0.725862
0.837381 0.149886
0.878787 0.399711
0.214502 0.470076
0.570654 0.417318
0.118734 0.974764
0.287582 0.444980
0.495194 0.759656
0.586532 0.946023
0.695151 0.977057
0.511081 0.691767
0.149430 0.098286
0.747921 0.824817
0.257439 0.481906
0.130046 0.060442
0.544750 0.070974
0.490134 0.229333
0.409430 0.731094
0.742041 0.541399
0.207438 0.880500
0.649825 0.023372
0.400534 0.283323
0.258738 0.116406
0.087008 0.755054
0.116940 0.960252
0.450641 0.850007
0.239961 0.815977
0.515595 0.809784
0.916127 0.404499
0.929352 0.995652
0.853440 0.319211
0.027618 0.776067
0.554829 0.125471
0.589971 0.732967
0.224529 0.614238
0.186698 0.081678
0.832664 0.081039
0.421504 0.724694
0.816049 0.052312
0.662415 0.177977
0.111207 0.314828
0.160563 0.523236
0.588307 0.029351
0.606983 0.928881
0.812812 0.972964
0.684765 0.763202
0.380806 0.235979
0.038960 0.887288
0.354198 0.536678
0.868320 0.674567
0.072839 0.495831
0.672091 0.940316
0.106777 0.347190
0.112304 0.817051
0.676857 0.374751
0.944500 0.999543
0.022795 0.612310
0.089982 0.482076
0.930727 0.086570
0.934821 0.374121
0.431645 0.460483
0.650156 0.196521
0.955690 0.249591
0.176912 0.461992
0.871900 0.521394
0.637310 0.714509
0.694920 0.222592
0.447675 0.366761
0.133106 0.617085
0.220521 0.801327
0.144022 0.238441
0.032140 0.488692
0.675873 0.201169
0.036067 0.852556
0.566421 0.672988
0.312766 0.658803
0.776473 0.241375
0.250306 0.952690
0.750051 0.655890
0.095037 0.581466
0.703776 0.647045
0.181251 0.064195
0.592272 0.573541
0.380608 0.309818
0.154470 0.068414
0.833544 0.401437
0.263552 0.130352
0.388910 0.424402
0.911984 0.175886
0.111230 0.405618
0.257488 0.049981
0.017209 0.753730
0.787445 0.960045
0.594917 0.918029
0.724047 0.077238
0.164029 0.851911
0.643414 0.416035
0.571997 0.871172
0.885053 0.193324
0.732583 0.645542
0.083617 0.085902
0.079954 0.831970
0.136210 0.041957
0.502406 0.955650
0.456248 0.982794
0.221635 0.513495
0.971869 0.271824
0.701440 0.099522
0.246486 0.637047
0.231749 0.973130
0.065596 0.822753
0.371808 0.424433
0.563191 0.221263
0.569726 0.630742
0.388920 0.943065
0.905301 0.878547
0.609230 0.448844
0.894872 0.792489
0.127934 0.456600
0.083662 0.879214
0.341374 0.476876
0.419877 0.659587
0.452680 0.132870
0.622689 0.934620
0.512966 0.383070
0.451060 0.302500
0.950131 0.700576
0.125095 0.794308
0.888214 0.390655
0.544468 0.556616
0.738027 0.929393
0.515626 0.192884
0.193059 0.106642
0.061249 0.873210
0.203640 0.793863
0.400378 0.719951
0.183905 0.009933
0.986838 0.265204
0.482545 0.094084
0.266519 0.665017
0.586097 0.168927
0.636681 0.587386
0.307502 0.407812
0.566336 0.592330
0.258608 0.181422
0.553364 0.843351
0.652012 0.600704
0.081694 0.355837
0.393717 0.041022
0.711149 0.889029
0.781823 0.734266
0.688974 0.362658
0.086069 0.042039
0.647213 0.127031
0.338689 0.117741
0.328095 0.845855
0.433935 0.842643
0.607668 0.882751
0.276578 0.120776
0.740160 0.334270
0.243106 0.596239
0.003778 0.258245
0.381711 0.832684
0.391376 0.352154
0.344555 0.933425
0.259471 0.293355
0.628127 0.502638
0.187004 0.387989
0.758341 0.238708
0.997570 0.383878
0.273344 0.833096
0.051552 0.830934
0.472686 0.317434
0.982411 0.805829
0.050472 0.129020
0.189032 0.524187
0.641853 0.321853
0.307045 0.852499
0.888023 0.947377
0.047815 0.326049
0.488850 0.509385
0.325021 0.798635
0.219601 0.739173
0.372934 0.996324
0.781209 0.848304
0.596730 0.697376
0.497109 0.382236
0.675207 0.551343
0.804404 0.415591
0.840537 0.853880
0.242308 0.113630
0.177475 0.684802
0.189518 0.846584
0.912229 0.255058
0.803661 0.105494
0.982804 0.195731
0.220636 0.915969
0.541480 0.306129
0.581808 0.003374
0.282219 0.401327
0.930105 0.010107
0.716629 0.717528
0.888790 0.410195
0.800453 0.441046
0.629986 0.896619
0.333833 0.308934
0.355179 0.740455
0.930116 0.730303
0.782943 0.525168
0.440303 0.017877
0.809295 0.176157
0.218508 0.295175
0.559851 0.987447
0.804806 0.714953
0.876625 0.157110
0.599107 0.140470
0.888740 0.155980
0.644494 0.845469
0.577566 0.250552
0.360452 0.135655
0.382013 0.397572
0.636900 0.857738
0.021328 0.838751
0.406380 0.610497
0.365629 0.012068
0.021658 0.723053
0.600686 0.495642
0.567707 0.575300
0.030206 0.583936
0.591347 0.368272
0.490908 0.487209
0.525967 0.697561
0.998603 0.272071
0.660550 0.911909
0.592729 0.542696
0.210029 0.758799
0.537298 0.468402
0.220303 0.087840
0.044706 0.562698
0.127287 0.933782
0.518332 0.823842
0.822751 0.674256
0.939395 0.553394
0.384050 0.554708
0.083993 0.651805
0.924221 0.553481
0.765313 0.780338
0.737574 0.736152
0.988602 0.842627
0.415978 0.285241
0.214605 0.132067
0.951856 0.119789
0.849594 0.957830
0.541672 0.972382
0.696610 0.712243
0.534586 0.410151
0.918443 0.714118
0.714581 0.575046
0.398038 0.868122
0.419239 0.504787
0.147753 0.521206
0.972739 0.650166
0.292015 0.295236
0.545012 0.543906
0.817243 0.306868
0.885242 0.756007
0.097286 0.909262
0.830801 0.811933
0.591174 0.476204
0.116676 0.198690
0.253250 0.214228
0.209912 0.548473
0.611249 0.989425
0.507708 0.575287
0.168448 0.720612
0.006539 0.401069
0.979796 0.387207
0.864153 0.571701
0.126486 0.310274
0.425219 0.931148
0.152021 0.770528
0.040608 0.088173
0.800526 0.388414
0.969217 0.154620
0.199985 0.636657
0.013862 0.866206
0.919588 0.487465
0.994171 0.024811
0.143178 0.892503
0.553127 0.657068
0.536284 0.584463
0.595638 0.801265
0.810685 0.956300
0.736941 0.245249
0.569103 0.858312
0.879621 0.284770
0.553056 0.109020
0.633879 0.255883
0.475540 0.502323
0.087769 0.495333
0.605833 0.053565
0.304069 0.111151
0.007131 0.554376
0.188334 0.488791
0.659655 0.701978
0.257043 0.709327
0.310997 0.672896
0.251712 0.848314
0.772262 0.314697
0.531949 0.746360
0.109607 0.362076
0.929443 0.663259
0.626296 0.297366
0.453739 0.968813
0.841261 0.893436
0.269075 0.616387
0.071687 0.777132
0.723900 0.969741
0.903362 0.333669
0.106110 0.923159
0.422215 0.017884
0.615045 0.167712
0.638264 0.116619
0.876217 0.684878
0.480202 0.696890
0.326519 0.693283
0.912316 0.702287
0.526995 0.084334
0.609042 0.976198
0.450296 0.573998
0.717223 0.692136
0.939459 0.294870
0.065506 0.750965
0.978231 0.955745
0.477363 0.951144
0.493490 0.671458
0.776608 0.159472
0.576504 0.815842
0.630335 0.011229
0.817635 0.093466
0.711474 0.664162
0.351580 0.524611
0.286318 0.017674
0.776151 0.704391
0.122910 0.391936
0.541293 0.392911
0.490551 0.645727
0.044015 0.308907
0.717320 0.130001
0.162429 0.239635
0.481922 0.071075
0.319270 0.343540
0.921987 0.920121
0.579645 0.597387
0.222354 0.547185
0.432047 0.421266
0.385159 0.293173
0.324464 0.575186
0.774155 0.615334
0.308627 0.611721
0.023808 0.216516
0.439344 0.263029
0.499383 0.103809
0.078460 0.232631
0.799285 0.970721
0.697971 0.884342
0.098070 0.001173
0.759475 0.718423
0.643531 0.517922
0.869537 0.448099
0.687667 0.393121
0.645761 0.297352
0.182635 0.825097
0.711317 0.741638
0.464994 0.455193
0.785785 0.396379
0.797950 0.770200
0.234134 0.872165
0.188649 0.240259
0.633651 0.572041
0.921470 0.941885
0.150652 0.687006
0.319877 0.681144
0.207804 0.064166
0.516953 0.927825
0.677929 0.246062
0.759148 0.864312
0.004653 0.122923
0.493235 0.704413
0.438165 0.310308
0.768939 0.252986
0.974250 0.591974
0.229057 0.175827
0.233804 0.393384
0.866518 0.289283
0.678999 0.873373
0.553246 0.350381
0.072165 0.045655
0.885326 0.830475
0.822901 0.181124
0.036851 0.971509
0.096489 0.256064
0.978137 0.530905
0.027502 0.275749
0.818610 0.218574
0.785108 0.363154
0.987315 0.688738
0.282243 0.707871
0.643677 0.616893
0.376267 0.175376
0.018887 0.201358
0.177709 0.497367
0.598225 0.773109
0.151601 0.168864
0.096274 0.641517
0.476565 0.488177
0.431635 0.609069
0.712570 0.982479
0.979315 0.518019
0.182996 0.607812
0.471162 0.197042
0.119518 0.286221
0.377666 0.147407
0.010947 0.914409
0.344649 0.238666
0.821723 0.950222
0.476670 0.304182
0.829171 0.520452
0.132557 0.182310
0.925209 0.057398
0.048264 0.624829
0.759987 0.990610
0.760224 0.420774
0.437585 0.192818
0.305658 0.094566
0.557435 0.640588
0.839184 0.181626
0.270538 0.317493
0.783883 0.427045
0.077507 0.388094
0.693778 0.507307
0.518273 0.559851
0.341903 0.733177
0.007739 0.879124
0.749682 0.531274
0.283412 0.612448
0.741974 0.364390
0.583247 0.852694
0.874396 0.847259
0.612553 0.703501
0.687179 0.561380
0.180698 0.161778
0.428032 0.395858
0.023641 0.557564
0.850882 0.156287
0.157405 0.318314
0.440344 0.126855
0.399948 0.332084
0.103147 0.955354
0.884296 0.727566
0.429152 0.325037
0.594739 0.589591
0.353142 0.564503
0.319447 0.090710
0.248747 0.678367
0.067918 0.993213
0.266673 0.094873
0.201258 0.184057
0.744737 0.853902
0.998544 0.471893
0.912771 0.047853
0.443635 0.548370
0.511895 0.726001
0.015256 0.768687
0.037071 0.217045
0.963508 0.410640
0.139225 0.599475
0.801984 0.531860
0.193755 0.886071
0.230416 0.017671
0.992987 0.450269
0.288725 0.567685
0.084518 0.845707
0.270672 0.271364
0.401499 0.429864
0.587965 0.340168
0.653750 0.885018
0.931379 0.312284
0.337207 0.259781
0.997316 0.370086
0.351632 0.838163
0.429188 0.159293
0.240641 0.207025
0.019953 0.507661
0.538355 0.851341
0.927084 0.253129
0.491640 0.412797
0.556196 0.870158
0.917649 0.540850
0.540040 0.806636
0.414745 0.647531
0.887568 0.273190
0.410683 0.119621
0.905901 0.648600
0.646330 0.450448
0.315469 0.950564
0.229280 0.469377
0.816030 0.646781
0.332435 0.034163
0.700078 0.495024
0.003322 0.630707
0.600893 0.000430
0.438099 0.943039
0.080915 0.906719
0.562228 0.446568
0.090436 0.795662
0.940497 0.646741
0.840263 0.310366
0.683789 0.293193
0.449210 0.882036
0.004760 0.014210
0.504515 0.349735
0.885801 0.438068
0.232162 0.988205
0.530185 0.185436
0.761832 0.028130
0.717550 0.228069
0.584145 0.911785
0.147741 0.021259
0.933812 0.877204
0.935467 0.783389
0.867895 0.383750
0.231618 0.499489
0.410842 0.934730
0.378916 0.535563
0.315675 0.624014
0.654548 0.232313
0.869457 0.762068
0.250214 0.742253
0.922667 0.238892
0.673473 0.274010
0.953822 0.399087
0.834123 0.433196
0.362840 0.090070
0.227759 0.630814
0.055047 0.998440
0.934417 0.428278
0.063262 0.939524
0.379707 0.086492
0.876983 0.696971
0.060902 0.103341
0.483357 0.121727
0.493029 0.339586
0.712692 0.873600
0.704500 0.516510
0.200503 0.858990
0.449048 0.461344
0.624126 0.380983
0.754051 0.352318
0.958274 0.303119
0.694961 0.780604
0.763511 0.748209
0.685527 0.346725
0.798171 0.624544
0.963393 0.914170
0.123273 0.353178
0.843337 0.972588
0.289877 0.341676
0.620093 0.313841
0.395970 0.755886
0.085839 0.291033
0.661186 0.249050
0.109157 0.595667
0.332360 0.131659
0.487970 0.146187
0.138454 0.280813
0.543500 0.425298
0.369603 0.851061
0.420698 0.697360
0.842961 0.767414
0.415882 0.895652
0.138289 0.571416
0.455457 0.919714
0.963505 0.960814
0.962505 0.074045
0.426983 0.476500
0.589609 0.406641
0.525430 0.665169
0.677080 0.009060
0.158828 0.888971
0.686163 0.232587
0.019589 0.974974
0.661841 0.129779
0.171004 0.143624
0.412216 0.299107
0.184887 0.957320
0.717412 0.512594
0.645448 0.699084
0.574672 0.024285
0.394727 0.447422
0.166157 0.197256
0.738640 0.621043
0.096958 0.841003
0.583051 0.767754
0.054059 0.812609
0.260558 0.021053
0.707697 0.273452
0.308514 0.911817
0.096862 0.030316
0.596986 0.256770
0.981737 0.370148
0.329798 0.004689
0.429608 0.773379
0.855501 0.414512
0.392340 0.581199
0.457998 0.114930
0.297980 0.998689
0.395878 0.391987
0.404159 0.785181
0.727567 0.788957
0.037331 0.265269
0.445750 0.248558
0.678366 0.708167
0.364012 0.984651
0.382701 0.365862
0.903705 0.837918
0.638598 0.346133
0.853800 0.794742
0.202448 0.829402
0.926972 0.570636
0.682954 0.212911
0.075745 0.066624
0.729869 0.327006
0.693867 0.818228
0.022195 0.705448
0.314685 0.502827
0.943394 0.388016
0.434387 0.140723
0.677739 0.160063
0.215488 0.725143
0.368326 0.544909
0.336538 0.578773
0.493856 0.062694
0.497609 0.497564
0.355326 0.662842
0.663429 0.830934
0.916501 0.387300
0.835884 0.598227
0.107604 0.023032
0.490109 0.084059
0.663360 0.895193
0.763044 0.104421
0.743985 0.578332
0.312139 0.699033
0.297006 0.881221
0.064031 0.802473
0.424602 0.638754
0.988209 0.408557
0.459499 0.311108
0.451865 0.836110
0.454860 0.864839
0.927569 0.360205
0.917082 0.155254
0.690742 0.377827
0.656994 0.632265
0.715675 0.286899
0.385221 0.690396
0.829389 0.275428
0.034193 0.694940
0.112390 0.939123
0.927844 0.826908
0.966629 0.321524
0.309997 0.866933
0.858127 0.911378
0.958221 0.989575
0.528613 0.048350
0.404902 0.693663
0.526148 0.003600
0.361716 0.271595
0.440683 0.406402
0.976123 0.222890
0.139409 0.777540
0.305263 0.423153
0.705410 0.122174
0.950653 0.198097
0.964872 0.361409
0.924354 0.418315
0.863727 0.860173
0.146855 0.980019
0.213038 0.783549
0.773210 0.927211
0.650743 0.386172
0.109545 0.507919
0.384014 0.846522
0.943190 0.411192
0.370296 0.560723
0.476885 0.011993
0.886198 0.667739
0.504793 0.320598
0.254333 0.831628
0.504429 0.934136
0.822002 0.344418
0.510653 0.297074
0.693088 0.868858
0.939471 0.240894
0.208261 0.330354
0.796463 0.426885
0.230103 0.132775
0.139966 0.793037
0.088178 0.070323
0.653655 0.671482
0.699621 0.299514
0.491448 0.179817
0.839069 0.058546
0.049940 0.147124
0.366679 0.577086
0.680918 0.406234
0.918328 0.372630
0.133867 0.402875
0.254767 0.693786
0.540734 0.733319
0.203193 0.482582
0.521134 0.891795
0.117717 0.729934
0.120319 0.048760
0.193520 0.324808
0.265404 0.205354
0.414753 0.186902
0.071179 0.513480
0.749384 0.997710
0.351941 0.042428
0.052185 0.912290
0.161380 0.360328
0.938832 0.062554
0.086246 0.419736
0.013187 0.652081
0.432830 0.493753
0.891528 0.339523
0.099016 0.704492
0.900815 0.946983
0.677644 0.475419
0.314510 0.010755
0.754032 0.205031
0.098046 0.203082
0.727476 0.746765
0.017877 0.128989
0.604927 0.185492
0.688695 0.807232
0.668335 0.235265
0.613358 0.504191
0.877390 0.331870
0.537917 0.610975
0.363880 0.795101
0.577623 0.971532
0.166869 0.302864
0.073005 0.343037
0.154637 0.276521
0.366013 0.835914
0.125355 0.717292
0.616203 0.392088
0.343108 0.702248
0.875582 0.557460
0.270375 0.485762
0.734987 0.313190
0.369202 0.122688
0.134935 0.225475
0.309407 0.309815
0.372229 0.718879
0.231108 0.347448
0.697321 0.407750
0.553244 0.724725
0.118531 0.743437
0.860224 0.615288
0.964970 0.348913
0.677114 0.956816
0.842779 0.945221
0.980491 0.857857
0.386114 0.205095
0.361848 0.514111
0.622329 0.227799
0.660318 0.927311
0.292097 0.721463
0.375170 0.889599
0.124200 0.629274
0.805869 0.192405
0.679477 0.536340
0.038722 0.369577
0.466928 0.710610
0.441328 0.227415
0.595401 0.835111
0.427595 0.030554
0.858029 0.481030
0.141993 0.209080
0.940579 0.104484
0.247810 0.014002
0.890958 0.060787
0.149433 0.674340
0.936733 0.585215
0.407318 0.994136
0.733959 0.465214
0.977859 0.608448
0.792998 0.352856
0.126780 0.260590
0.886961 0.637604
0.789580 0.799785
0.240282 0.609904
0.878532 0.957846
0.802623 0.262835
0.246173 0.351745
0.479193 0.209698
0.033737 0.509889
0.137401 0.510523
0.949131 0.611395
0.935901 0.969579
0.014157 0.184044
0.986650 0.943241
0.322010 0.827861
0.287188 0.279624
0.427201 0.622922
0.665188 0.572863
0.395605 0.807991
0.009840 0.824495
0.100974 0.074199
0.064637 0.484470
0.160601 0.023970
0.343245 0.592761
0.954277 0.867256
0.182083 0.568636
0.588894 0.297971
0.836957 0.005311
0.967705 0.058449
0.491146 0.848942
0.295154 0.473535
0.341449 0.297814
0.803332 0.603895
0.957214 0.757553
0.134604 0.294912
0.562535 0.147316
0.587386 0.061265
0.664409 0.363390
0.007165 0.085084
0.916652 0.223145
0.215252 0.179901
0.135961 0.870636
0.222490 0.237123
0.263183 0.467409
0.922363 0.758011
0.099770 0.414632
0.583778 0.278467
0.559644 0.505400
0.826698 0.067292
0.634397 0.910744
0.700751 0.538770
0.146380 0.351790
0.722145 0.394558
0.785936 0.693526
0.607258 0.199237
0.774380 0.630824
0.452179 0.196616
0.281579 0.747452
0.303973 0.241797
0.461194 0.647366
0.864451 0.922629
0.550711 0.617457
0.154586 0.744634
0.934124 0.538406
0.175255 0.184781
0.669946 0.843186
0.151499 0.303541
0.590807 0.094136
0.855722 0.743713
0.761055 0.083223
0.118252 0.860969
0.547284 0.028197
0.238834 0.324496
0.836068 0.372637
0.173739 0.414007
0.696121 0.634365
0.928421 0.024665
0.303609 0.280014
0.436009 0.649339
0.630752 0.088536
0.596125 0.937341
0.086197 0.509364
0.881421 0.909177
0.429603 0.893052
0.117814 0.645063
0.706282 0.752532
0.608179 0.129187
0.474111 0.642647
0.568693 0.266814
0.161770 0.757017
0.306008 0.939936
0.990246 0.357439
0.725805 0.956359
0.454838 0.342044
0.504642 0.560375
0.102324 0.971390
0.352559 0.777840
0.152654 0.839659
0.828000 0.035605
0.962050 0.664248
0.252122 0.237104
0.541541 0.919128
0.773810 0.876490
0.006368 0.437914
0.297541 0.393923
0.623114 0.107091
0.154942 0.643089
0.132223 0.883004
0.695769 0.002315
0.361378 0.180093
0.031869 0.252513
0.199662 0.168979
0.087043 0.726082
0.054075 0.927881
0.304044 0.346050
0.401566 0.665751
0.502028 0.814652
0.128839 0.151958
0.382782 0.455841
0.489601 0.448876
0.017013 0.159717
0.092536 0.278373
0.034167 0.475288
0.906486 0.364559
0.079489 0.107261
0.160497 0.407628
0.116992 0.299399
0.318130 0.559866
0.439543 0.924606
0.848248 0.640965
0.453821 0.813367
0.518641 0.310325
0.329154 0.708693
0.662620 0.516225
0.753980 0.614897
0.051002 0.846633
0.412613 0.625741
0.905928 0.865051
0.872925 0.231715
0.198473 0.569647
0.284579 0.693890
0.832940 0.827764
0.369993 0.971188
0.149847 0.822073
0.753263 0.334352
0.308265 0.985030
0.260745 0.379826
0.082888 0.315802
0.279070 0.879249
0.562944 0.768876
0.809220 0.662011
0.970169 0.724667
0.751784 0.144221
0.412589 0.710036
0.023491 0.917683
0.734852 0.286055
0.623375 0.729461
0.033509 0.415177
0.117300 0.698022
0.951241 0.337825
0.753656 0.760238
0.431754 0.107643
0.992457 0.094833
0.777500 0.044816
0.444499 0.351849
0.170929 0.016134
0.738589 0.763363
0.449595 0.671690
0.909732 0.663089
0.087679 0.465404
0.692017 0.421189
0.514701 0.876195
0.571641 0.984019
0.688870 0.037452
0.479675 0.655778
0.477107 0.729011
0.927627 0.213558
0.311454 0.537813
0.359363 0.708523
0.795277 0.136388
0.255072 0.587757
0.183309 0.942961
0.866324 0.826775
0.309731 0.578323
0.853665 0.009153
0.749954 0.730786
0.958539 0.636490
0.999893 0.307044
0.027679 0.736901
0.292870 0.946121
0.609366 0.733748
0.546250 0.246984
0.809312 0.513628
0.107708 0.849343
0.771156 0.835659
0.319893 0.426902
0.496556 0.287304
0.560712 0.183412
0.563518 0.322294
0.934963 0.701783
0.870914 0.107339
0.658163 0.347230
0.181076 0.400272
0.273040 0.301756
0.047412 0.577315
0.023994 0.958602
0.182531 0.769485
0.014356 0.479397
0.899380 0.538448
0.249000 0.392295
0.831030 0.136853
0.311047 0.803742
0.071397 0.307973
0.921032 0.349698
0.206183 0.080561
0.246562 0.794475
0.745452 0.518445
0.810587 0.617092
0.941350 0.937112
0.638651 0.284863
0.050827 0.061255
0.988945 0.206539
0.981629 0.895877
0.943700 0.479605
0.424353 0.053930
0.695481 0.204197
0.809315 0.063378
0.188285 0.151569
0.854695 0.239449
0.606080 0.102156
0.098654 0.454307
0.265647 0.530315
0.888275 0.569198
0.868617 0.874719
0.973312 0.400415
0.813772 0.433738
0.384057 0.623001
0.068085 0.401117
0.277515 0.229164
0.752943 0.978820
0.475191 0.234679
0.773009 0.492247
0.418036 0.167907
0.614448 0.622108
0.470334 0.171648
0.462272 0.756302
0.347756 0.949744
0.666935 0.670954
0.166717 0.637945
0.876754 0.576068
0.953586 0.521272
0.370696 0.908063
0.332721 0.247231
0.032724 0.749999
0.505631 0.413477
0.769060 0.012868
0.869408 0.728289
0.294820 0.604161
0.627185 0.529843
0.346127 0.861286
0.727799 0.631280
0.312162 0.462019
0.089649 0.055180
0.990139 0.570830
0.288777 0.522317
0.053356 0.419150
0.389931 0.886028
0.718182 0.945168
0.690234 0.526507
0.366445 0.285685
0.313329 0.839093
0.735066 0.173017
0.266343 0.779198
0.834702 0.289442
0.042938 0.662937
0.817428 0.397566
0.377478 0.935213
0.713235 0.496252
0.552919 0.577485
0.385958 0.714452
0.785945 0.410550
0.745183 0.265600
0.072661 0.259107
0.193062 0.023530
0.432486 0.539738
0.849589 0.995056
0.948190 0.628222
0.947628 0.072630
0.840247 0.417858
0.399065 0.651794
0.494995 0.614999
0.633345 0.218353
0.811961 0.324249
0.999467 0.488992
0.044436 0.385662
0.799594 0.649365
0.656588 0.286636
0.381230 0.674149
0.486486 0.773068
0.188901 0.793904
0.316986 0.181583
0.846699 0.517323
0.416842 0.386960
0.775088 0.862909
0.464656 0.937390
0.203652 0.157100
0.646434 0.088003
0.095318 0.363992
0.072352 0.093405
0.525125 0.036364
0.423508 0.833065
0.921238 0.626201
0.323911 0.236442
0.436225 0.066912
0.972308 0.563014
0.781422 0.262592
0.962750 0.617316
0.632610 0.541086
0.150702 0.485457
0.626345 0.978034
0.960889 0.854541
0.764124 0.280045
0.945039 0.087132
0.362977 0.458394
0.278141 0.680934
0.504552 0.167429
0.322206 0.298383
0.314654 0.713019
0.066392 0.920328
0.343695 0.988981
0.066509 0.078181
0.295175 0.377826
0.761292 0.366499
0.771182 0.684478
0.840851 0.237932
0.594658 0.968104
0.858759 0.366882
0.731030 0.224900
0.245467 0.250056
0.041729 0.647954
0.772130 0.412252
0.952811 0.775978
0.580778 0.802375
0.823329 0.606547
0.348909 0.167008
0.113902 0.251426
0.533546 0.026275
0.520588 0.102496
0.683861 0.837767
0.146162 0.585261
0.266290 0.845774
0.799068 0.204781
0.840518 0.448385
0.982952 0.182894
0.763884 0.947436
0.142153 0.650438
0.594448 0.983683
0.909789 0.792595
0.868782 0.013277
0.134332 0.818488
0.414156 0.264660
0.584083 0.958828
0.681992 0.607392
0.934353 0.226649
0.216719 0.017186
0.664111 0.263973
0.884089 0.769633
0.873126 0.712033
0.299961 0.361089
0.005515 0.070990
0.557959 0.943632
0.440045 0.751983
0.737227 0.814386
0.009569 0.464441
0.713128 0.302811
0.105188 0.653632
0.654923 0.144829
0.507341 0.462017
0.614868 0.117378
0.790281 0.119983
0.587342 0.756635
0.336881 0.222815
0.740377 0.349494
0.664901 0.022569
0.870775 0.538424
0.144492 0.266366
0.088427 0.245251
0.418977 0.744476
0.983572 0.109245
0.276650 0.915360
0.896674 0.963799
0.826404 0.588277
0.899224 0.703247
0.695553 0.794182
0.675062 0.418805
0.434335 0.041611
0.516199 0.358042
0.645022 0.766377
0.094831 0.432490
0.989881 0.078828
0.584035 0.722116
0.008720 0.783771
0.867634 0.245248
0.825585 0.634692
0.579476 0.122753
0.659679 0.321972
0.702054 0.564672
0.616152 0.022263
0.789853 0.380285
0.284583 0.353912
0.943367 0.749354
0.432320 0.592242
0.555388 0.828803
0.561930 0.887202
0.225202 0.273491
0.268866 0.598685
0.631364 0.556204
0.063490 0.606140
0.120709 0.889417
0.131051 0.199213
0.668967 0.860707
0.917275 0.188786
0.792442 0.032801
0.653602 0.586593
0.188034 0.094643
0.082179 0.597315
0.398662 0.834615
0.199756 0.612735
0.186369 0.807423
0.470964 0.250868
0.025818 0.097379
0.367532 0.778068
0.686178 0.019004
0.132515 0.979936
0.570634 0.917213
0.375686 0.703392
0.217369 0.050663
0.232448 0.908503
0.034879 0.012781
0.485493 0.999337
0.602641 0.632453
0.217647 0.401714
0.870316 0.636301
0.537086 0.360781
0.500142 0.654995
0.377631 0.590255
0.956127 0.650095
0.540446 0.567967
0.844815 0.271876
0.746055 0.215957
0.249215 0.102383
0.770897 0.998610
0.154382 0.251841
0.521816 0.712243
0.166519 0.394226
0.132456 0.676901
0.012072 0.584976
0.579870 0.397855
0.993837 0.526674
0.406172 0.177167
0.885556 0.524731
0.863192 0.838928
0.195053 0.819203
0.688297 0.104419
0.603257 0.319253
0.424890 0.274119
0.789393 0.567786
0.240302 0.623832
0.822278 0.746258
0.905217 0.350754
0.453777 0.065913
0.759932 0.793714
0.510079 0.791385
0.419122 0.372086
0.333934 0.091719
0.592657 0.658326
0.900644 0.822977
0.281578 0.385364
0.884886 0.135062
0.578754 0.446738
0.380217 0.819671
0.533271 0.318620
0.685089 0.969014
0.269476 0.391036
0.172732 0.578825
0.392116 0.976022
0.832700 0.733484
0.101761 0.531917
0.260887 0.225115
0.215927 0.817865
0.812342 0.594182
0.484621 0.602797
0.663135 0.775293
0.417947 0.605581
0.493725 0.045884
0.968889 0.241357
0.122435 0.370830
0.973525 0.038064
0.808968 0.041628
0.744517 0.451213
0.805624 0.298734
0.359148 0.958147
0.857478 0.276213
0.206468 0.587254
0.450005 0.762477
0.357578 0.725068
0.562651 0.810345
0.960687 0.088507
0.468231 0.376610
0.975694 0.504314
0.728528 0.091242
0.726191 0.804119
0.038535 0.203610
0.649674 0.358292
0.343861 0.004919
0.971116 0.477425
0.421211 0.673380
0.264437 0.147391
0.036704 0.837328
0.775397 0.457354
0.986220 0.157080
0.725910 0.529046
0.939112 0.864930
0.416855 0.248938
0.529009 0.647733
0.622388 0.675597
0.284473 0.174256
0.992400 0.675955
0.220165 0.417805
0.710792 0.602876
0.493152 0.241811
0.320489 0.118694
0.024418 0.238026
0.095750 0.231548
0.658149 0.473358
0.579002 0.189553
0.037217 0.549846
0.183849 0.273999
0.348888 0.091731
0.768891 0.972348
0.480865 0.052827
0.534595 0.718386
0.492492 0.971778
0.433454 0.006533
0.561986 0.686954
0.410248 0.524839
0.549977 0.139117
0.220495 0.194979
0.622071 0.200963
0.302896 0.453079
0.868793 0.092277
0.452884 0.380931
0.678591 0.570512
0.477217 0.403276
0.455910 0.597855
0.907739 0.497211
0.760492 0.930653
0.532968 0.598383
0.111569 0.552120
0.447881 0.622664
0.206359 0.415095
0.321536 0.143182
0.215985 0.971255
0.249831 0.075571
0.973074 0.845721
0.166443 0.772867
0.918598 0.506148
0.047482 0.113640
0.663932 0.006190
0.279345 0.083420
0.407012 0.155229
0.947096 0.921010
0.646750 0.747374
0.547938 0.524028
0.740547 0.194505
0.394061 0.253321
0.476862 0.614556
0.291557 0.216076
0.685672 0.331680
0.822053 0.885060
0.523427 0.144667
0.758706 0.063818
0.591984 0.046870
0.396292 0.599597
0.275092 0.435090
0.634297 0.828097
0.249464 0.759839
0.519844 0.326383
0.448066 0.654093
0.293878 0.076657
0.053077 0.046342
0.487270 0.589346
0.725395 0.366467
0.835858 0.194533
0.500973 0.919503
0.834808 0.646265
0.006009 0.502815
0.641094 0.811644
0.992583 0.396241
0.266575 0.736267
0.313164 0.264437
0.788361 0.712418
0.903202 0.526053
0.112461 0.083642
0.776117 0.031430
0.916803 0.582249
0.902240 0.401801
0.724818 0.759261
0.758467 0.224365
0.806211 0.795313
0.971635 0.742144
0.285521 0.326662
0.619063 0.854232
0.635772 0.628916
0.144244 0.758233
0.485057 0.629083
0.072965 0.854200
0.524927 0.285900
0.658432 0.963546
0.807361 0.161416
0.443524 0.529605
0.644767 0.968332
0.350478 0.793823
0.655723 0.165431
0.535871 0.173200
0.075254 0.191911
0.697494 0.261114
0.822991 0.505768
0.220743 0.148765
0.012781 0.736852
0.947474 0.350341
0.256281 0.321990
0.084898 0.635077
0.457231 0.472086
0.524053 0.851120
0.478094 0.388706
0.058070 0.858226
0.372093 0.245487
0.343937 0.717231
0.273792 0.646759
0.129713 0.582954
0.254928 0.497505
0.369135 0.689764
0.570571 0.009968
0.197351 0.709091
0.213310 0.374935
0.774786 0.797973
0.333098 0.343071
0.310452 0.370890
0.403910 0.245580
0.742626 0.496659
0.378980 0.041864
0.994314 0.061952
0.409313 0.680128
0.548850 0.592542
0.801393 0.823329
0.863396 0.968637
0.503658 0.743776
0.608135 0.538364
0.360723 0.436181
0.419796 0.148217
0.866233 0.494610
0.304866 0.752901
0.354234 0.972405
0.761634 0.123860
0.324290 0.885962
0.186235 0.051301
0.070968 0.561228
0.990681 0.127317
0.099631 0.737203
0.340231 0.392290
0.239642 0.780005
0.488323 0.793388
0.554091 0.917050
0.818851 0.024363
0.690012 0.309981
0.570770 0.793121
0.365323 0.892995
0.912350 0.564808
0.915044 0.985201
0.509927 0.243409
0.656371 0.114121
0.896271 0.124402
0.767188 0.765134
0.985052 0.305401
0.942289 0.959164
0.072884 0.660361
0.906906 0.417878
0.031836 0.534032
0.792642 0.325845
0.872004 0.661263
0.850597 0.021746
0.421023 0.985768
0.346809 0.458100
0.710518 0.530208
0.088621 0.861440
0.417275 0.491118
0.223441 0.702914
0.815461 0.269221
0.825240 0.697256
0.455655 0.634227
0.971766 0.985374
0.855109 0.225264
0.391278 0.915266
0.716347 0.643786
0.937074 0.120462
0.435554 0.444544
0.966776 0.816354
0.301093 0.551397
0.607628 0.358400
0.794749 0.742211
0.332913 0.618751
0.327041 0.660802
0.914846 0.821604
0.346742 0.194812
0.714014 0.381065
0.962774 0.790066
0.460441 0.492178
0.531486 0.904627
0.554765 0.056608
0.729112 0.502023
0.468975 0.906896
0.845035 0.584794
0.092181 0.141101
0.829653 0.789987
0.316848 0.168334
0.748591 0.906837
0.523146 0.346102
0.300276 0.013876
0.052476 0.075270
0.595630 0.711585
0.074279 0.454274
0.726947 0.196302
0.099196 0.218324
0.869975 0.186415
0.626365 0.993575
0.002732 0.758532
0.825389 0.777942
0.089340 0.675457
0.758265 0.585191
0.654001 0.685756
0.301711 0.692199
0.633009 0.449040
0.217722 0.675190
0.020364 0.041935
0.193409 0.357624
0.778050 0.942344
0.183496 0.974673
0.353829 0.881659
0.604779 0.408794
0.636847 0.779783
0.234424 0.149163
0.827725 0.537496
0.711002 0.006022
0.817778 0.108470
0.386679 0.777390
0.180575 0.129953
0.532147 0.990279
0.240702 0.002444
0.032867 0.317346
0.442766 0.170285
0.640680 0.047919
0.334939 0.358673
0.708197 0.083218
0.745908 0.748348
0.792842 0.938407
0.836839 0.562235
0.703986 0.140445
0.706258 0.425774
0.859923 0.516235
0.907971 0.235084
0.061686 0.787154
0.754804 0.566112
0.859580 0.212509
0.278345 0.472363
0.749048 0.467733
0.429005 0.513586
0.656586 0.759607
0.633530 0.190301
0.103528 0.174885
0.858469 0.706609
0.787312 0.586144
0.556631 0.018569
0.017947 0.492194
0.822591 0.411838
0.949469 0.504162
0.359475 0.857916
0.786456 0.088713
0.411852 0.844359
0.849174 0.833394
0.326528 0.767616
0.739196 0.139987
0.703882 0.441889
0.974809 0.636779
0.391937 0.147733
0.640079 0.653717
0.318908 0.752237
0.142027 0.056621
0.649573 0.435701
0.125692 0.016329
0.630398 0.699843
0.468918 0.429439
0.615081 0.343949
0.412463 0.824971
0.068918 0.888701
0.580800 0.080232
0.163534 0.917283
0.918507 0.270103
0.710991 0.403238
0.186355 0.216977
0.998309 0.542850
0.361597 0.822331
0.479518 0.343521
0.678114 0.799197
0.335647 0.603399
0.242784 0.577088
0.566966 0.115103
0.030142 0.388442
0.554198 0.797851
0.879866 0.120188
0.790184 0.877114
0.521636 0.836953
0.419398 0.450949
0.646006 0.560089
0.349128 0.611568
0.311900 0.879937
0.039217 0.958541
0.592654 0.558750
0.108453 0.671320
0.914598 0.079691
0.457185 0.016580
0.844700 0.908598
0.577491 0.562534
0.371500 0.611317
0.011802 0.810823
0.142620 0.429977
0.999120 0.921621
0.321812 0.317389
0.492693 0.397288
0.769233 0.211608
0.933238 0.491769
0.054633 0.210812
0.826259 0.207762
0.774539 0.112646
0.074512 0.278554
0.253132 0.034579
0.302051 0.329697
0.117991 0.998610
0.570055 0.728424
0.987218 0.334933
0.812579 0.494897
0.308105 0.894351
0.351232 0.285259
0.389726 0.638443
0.805845 0.885416
0.794832 0.174678
0.826227 0.972211
0.263041 0.416624
0.467533 0.891817
0.959015 0.740634
0.607709 0.867682
0.155436 0.538317
0.115587 0.447315
0.288479 0.635011
0.124625 0.167490
0.395057 0.678998
0.786167 0.309051
0.253643 0.537673
0.471089 0.981878
0.384719 0.659794
0.504699 0.217120
0.108824 0.390999
0.494960 0.902386
0.729232 0.379892
0.697380 0.285501
0.589217 0.643977
0.792119 0.159045
0.700265 0.018271
0.667750 0.595419
0.145026 0.184383
0.830498 0.048647
0.921857 0.136270
0.794549 0.755690
0.848650 0.378002
0.092838 0.688640
0.457508 0.544283
0.702433 0.034566
0.549223 0.955431
0.501703 0.079014
0.992685 0.984886
0.057678 0.306777
0.580484 0.225468
0.904141 0.478954
0.201854 0.306980
0.773446 0.226946
0.762241 0.462835
0.676197 0.681690
0.230074 0.894625
0.547339 0.477575
0.276275 0.414820
0.975831 0.576971
0.389579 0.409275
0.606689 0.672216
0.682100 0.994461
0.965669 0.194662
0.811234 0.936322
0.439402 0.634038
0.955401 0.030245
0.168506 0.053312
0.570460 0.283522
0.185534 0.539779
0.079081 0.938018
0.401892 0.901890
0.759620 0.321471
0.337320 0.521277
0.843519 0.530453
0.920599 0.321798
0.652038 0.309419
0.192260 0.410117
0.854236 0.882819
0.853382 0.932256
0.031301 0.900516
0.673246 0.141281
0.346463 0.132322
0.003255 0.286905
0.147927 0.551589
0.428437 0.913635
0.441212 0.907878
0.366753 0.497080
0.774769 0.591124
0.983903 0.010627
0.525634 0.802161
0.794531 0.843175
0.967446 0.167285
0.996049 0.245865
0.102663 0.295762
0.659424 0.800723
0.379510 0.482753
0.461708 0.663664
0.016689 0.111542
0.467433 0.125502
0.423527 0.196936
0.753912 0.435917
0.406258 0.078429
0.240306 0.028438
0.410295 0.215477
0.585263 0.325795
0.383658 0.161919
0.450749 0.952921
0.256825 0.606360
0.942711 0.851323
0.640900 0.982780
0.746085 0.710855
0.322439 0.960889
0.023286 0.083101
0.695768 0.578764
0.027949 0.190444
0.203229 0.461026
0.036595 0.634241
0.314103 0.131846
0.282453 0.491866
0.066950 0.359593
0.284550 0.308985
0.962364 0.432117
0.159714 0.574012
0.069240 0.643434
0.600979 0.617245
0.764861 0.734720
0.176305 0.512737
0.944691 0.361496
0.677690 0.928128
0.429810 0.293318
0.937954 0.326574
0.568174 0.134412
0.982981 0.995216
0.064169 0.182585
0.218509 0.581610
0.333007 0.168634
0.417382 0.105736
0.393416 0.956368
0.622186 0.602029
0.738867 0.838126
0.259850 0.401804
0.151337 0.564248
0.237144 0.236603
0.860431 0.772560
0.219312 0.454864
0.815987 0.138415
0.505945 0.513550
0.057451 0.530637
0.207214 0.109068
0.498636 0.122659
0.041854 0.819648
0.137410 0.833121
0.565115 0.197071
0.791817 0.540145
0.137677 0.947026
0.335704 0.906453
0.619037 0.071439
0.936796 0.135681
0.847301 0.079102
0.762101 0.911917
0.461439 0.330144
0.376269 0.921194
0.427284 0.971274
0.810638 0.580252
0.818112 0.818964
0.932630 0.927339
0.051526 0.984290
0.983409 0.544680
0.972712 0.422036
0.437585 0.561770
0.939537 0.524316
0.621018 0.801663
0.197996 0.778489
0.024144 0.644268
0.075936 0.153505
0.009283 0.533394
0.666461 0.716759
0.269990 0.977295
0.496916 0.155570
0.831745 0.386361
0.354097 0.760703
0.058002 0.244097
0.042754 0.683519
0.008915 0.959517
0.676489 0.585239
0.771290 0.431450
0.368109 0.373005
0.692949 0.902813
0.283068 0.803364
0.596001 0.527413
0.326249 0.269221
0.044834 0.245189
0.984282 0.872146
0.549466 0.493034
0.052219 0.671809
0.120197 0.133118
0.157646 0.087201
0.321991 0.223888
0.062304 0.679825
0.990363 0.169648
0.932316 0.404723
0.259809 0.793102
0.989958 0.621898
0.164461 0.690632
0.735773 0.566093
0.243971 0.180635
0.475873 0.828222
0.481462 0.134779
0.674818 0.354454
0.518116 0.486780
0.516294 0.679069
0.576006 0.643788
0.470392 0.595945
0.656953 0.852536
0.693878 0.175859
0.229203 0.717738
0.221318 0.071486
0.057082 0.559255
0.544734 0.509210
0.191826 0.472149
0.229395 0.837901
0.523634 0.785726
0.236787 0.546817
0.432935 0.992466
0.087672 0.522510
0.835246 0.346008
0.062173 0.268773
0.833214 0.260987
0.508637 0.968694
0.146663 0.613997
0.620068 0.052531
0.034358 0.926828
0.785053 0.002305
0.862261 0.078210
0.275342 0.287483
0.696473 0.832023
0.801861 0.230248
0.987336 0.746011
0.075552 0.122231
0.641951 0.367593
0.565156 0.757152
0.894490 0.856110
0.730750 0.129856
0.577103 0.155901
0.619822 0.244934
0.846040 0.734917
0.186764 0.195648
0.974943 0.675242
0.817668 0.370532
0.943145 0.255810
0.982371 0.056611
0.389683 0.377514
0.989677 0.909241
0.701794 0.691632
0.857901 0.721399
0.881233 0.305710
0.048311 0.773981
0.159748 0.972268
0.349642 0.896940
0.809020 0.734259
0.238609 0.068561
0.443992 0.804217
0.826454 0.552542
0.948295 0.448573
0.863811 0.941447
0.529041 0.425714
0.918527 0.674158
0.817048 0.910608
0.003751 0.517382
0.963440 0.701798
0.835322 0.709449
0.295397 0.267146
0.383807 0.861252
0.443590 0.774234
0.165936 0.225751
0.050960 0.225681
0.315935 0.996511
0.576005 0.476213
0.233311 0.421129
0.061865 0.322734
0.729706 0.115220
0.400285 0.496871
0.833313 0.959368
0.203025 0.237634
0.087869 0.125066
0.768436 0.136111
0.866762 0.304723
0.078833 0.435382
0.769493 0.396365
0.081811 0.537992
0.228143 0.820521
0.570698 0.385594
0.764646 0.149388
0.004036 0.700691
0.414475 0.878191
0.169558 0.544880
0.048863 0.797689
0.731464 0.210112
0.097026 0.543913
0.526580 0.234656
0.896214 0.914856
0.306644 0.295033
0.965480 0.258947
0.792202 0.059985
0.788177 0.614276
0.374609 0.353662
0.637303 0.102601
0.569907 0.900951
0.622273 0.582195
0.018075 0.426728
0.335777 0.891133
0.402715 0.459944
0.500860 0.828050
0.858947 0.037299
0.541618 0.649211
0.289202 0.460883
0.651976 0.716551
0.440488 0.977701
0.172501 0.964741
0.468736 0.627415
0.152127 0.501226
0.953359 0.487756
0.220384 0.386619
0.911514 0.110723
0.986079 0.421549
0.659575 0.377274
0.728012 0.298652
0.532803 0.334171
0.378419 0.113349
0.711820 0.781649
0.705143 0.236496
0.555242 0.207866
0.955508 0.007945
0.350462 0.153075
0.577262 0.614732
0.168044 0.673715
0.260471 0.988246
0.949593 0.904903
0.850602 0.869002
0.511050 0.638578
0.726738 0.486850
0.997930 0.002628
0.118468 0.230381
0.251722 0.775120
0.418606 0.133761
0.053598 0.373360
0.240792 0.309906
0.011979 0.376683
0.009390 0.098159
0.812863 0.685310
0.583935 0.263568
0.252099 0.195520
0.489744 0.744400
0.086318 0.173481
0.643659 0.639935
0.479661 0.284157
0.857725 0.628689
0.422168 0.070498
0.229536 0.058221
0.633931 0.309602
0.560598 0.561672
0.834329 0.460290
0.746255 0.804391
0.417147 0.086812
0.371906 0.733167
0.593350 0.180990
0.819181 0.463860
0.908102 0.144799
0.198619 0.967541
0.144487 0.806707
0.267297 0.581592
0.439921 0.699133
0.638581 0.269568
0.702523 0.920675
0.065527 0.057344
0.469402 0.222295
0.525012 0.395947
0.557501 0.535335
0.356058 0.330295
0.776607 0.540421
0.626280 0.352073
0.762802 0.264951
0.441084 0.474612
0.345987 0.426735
0.711850 0.192432
0.593416 0.077515
0.340279 0.207357
0.272258 0.544898
0.949217 0.685076
0.288132 0.829034
0.795302 0.990845
0.774658 0.059176
0.819477 0.836787
0.980775 0.491563
0.428729 0.685094
0.626857 0.815004
0.578508 0.664276
0.581860 0.929365
0.064312 0.228361
0.621916 0.635580
0.050992 0.881843
0.656899 0.504655
0.332200 0.187629
0.750823 0.943273
0.467368 0.514019
0.128818 0.994064
0.648657 0.253090
0.395870 0.193713
0.062673 0.136023
0.470754 0.106901
0.895447 0.142552
0.899033 0.760361
0.185941 0.744992
0.709837 0.705797
0.006752 0.840169
0.416657 0.004576
0.069287 0.210999
0.807106 0.558050
0.207453 0.650538
0.594480 0.427157
0.604504 0.758036
0.043236 0.445640
0.930617 0.770023
0.871061 0.362032
0.349474 0.444698
0.404991 0.020332
0.111602 0.787747
0.283212 0.002506
0.227824 0.648283
0.970211 0.289976
0.353102 0.643372
0.432605 0.362379
0.525660 0.771416
0.408949 0.399506
0.166857 0.659321
0.406835 0.201104
0.673976 0.043821
0.707119 0.216915
0.302109 0.193173
0.134271 0.964559
0.025070 0.171035
0.506910 0.854706
0.126417 0.215526
0.968456 0.374800
0.761616 0.894949
0.744734 0.298986
0.674774 0.912618
0.626617 0.615700
0.959718 0.587487
0.743678 0.791124
0.932194 0.891399
0.704925 0.944630
0.743288 0.382297
0.483752 0.166122
0.140476 0.738043
0.946956 0.662009
0.640631 0.997805
0.834156 0.915162
0.328332 0.987132
0.954278 0.102754
0.672122 0.433061
0.402562 0.549061
0.188791 0.695257
0.089419 0.186361
0.637653 0.602413
0.358879 0.076590
0.476013 0.266399
0.607290 0.435191
0.154896 0.382244
0.874909 0.504586
0.754254 0.840522
0.928250 0.810543
0.941803 0.047050
0.322210 0.383002
0.166674 0.488248
0.002394 0.575353
0.818361 0.123740
0.840209 0.627338
0.549679 0.040807
0.563659 0.698772
0.903053 0.385224
0.926117 0.854717
0.356302 0.105552
0.009347 0.359884
0.485222 0.890100
0.970369 0.800776
0.060550 0.958666
0.478792 0.034778
0.520198 0.452165
0.672413 0.389226
0.064268 0.705906
0.506371 0.478123
0.545348 0.091188
0.270408 0.172984
0.711183 0.176362
0.003980 0.972467
0.482999 0.556876
0.766937 0.338354
0.795482 0.725931
0.395485 0.618793
0.689684 0.681764
0.424363 0.307880
0.315641 0.039836
0.897029 0.673900
0.611663 0.297000
0.932473 0.471132
0.380053 0.132758
0.217062 0.433091
0.106505 0.632844
0.976798 0.072792
0.004471 0.201320
0.154386 0.786635
0.247001 0.090988
0.163581 0.952866
0.988757 0.640017
0.437001 0.723152
0.205572 0.291110
0.675388 0.099019
0.337891 0.960541
0.282950 0.778014
0.368603 0.660364
0.528429 0.550507
0.999210 0.774719
0.786491 0.219455
0.777191 0.292002
0.423697 0.409323
0.610290 0.945607
0.723251 0.051584
0.327404 0.047964
0.828475 0.015170
0.776130 0.890456
0.850404 0.557106
0.138457 0.252141
0.716258 0.769053
0.970846 0.101803
0.277105 0.790769
0.907184 0.901625
0.336282 0.505984
0.455429 0.262437
0.342027 0.051878
0.203000 0.914181
0.749292 0.278826
0.497797 0.781032
0.494275 0.015966
0.772055 0.565540
0.296030 0.584195
0.403395 0.138230
0.575387 0.509526
0.065112 0.591442
0.542544 0.152861
0.244359 0.916300
0.415123 0.466515
0.541740 0.375843
0.256518 0.937178
0.700149 0.766218
0.153022 0.661093
0.647112 0.401792
0.626268 0.470641
0.612480 0.524163
0.021568 0.353476
0.322342 0.077057
0.310009 0.218180
0.121661 0.829953
0.813788 0.766211
0.798828 0.500743
0.999722 0.609123
0.906827 0.684526
0.540474 0.699631
0.739297 0.008791
0.433683 0.378047
0.929880 0.390212
0.358948 0.240477
0.995762 0.828715
0.684330 0.886427
0.173211 0.342710
0.965386 0.116383
0.562198 0.359833
0.261058 0.553493
0.871602 0.069072
0.563223 0.520457
0.876710 0.256594
0.487185 0.960125
0.758870 0.691562
0.902588 0.285242
0.186438 0.918288
0.162166 0.154812
0.236021 0.565214
0.024807 0.464839
0.759568 0.447766
0.703897 0.155866
0.532360 0.883345
0.707878 0.588393
0.017156 0.003424
0.880192 0.175923
0.201613 0.664343
0.292262 0.116312
0.131104 0.705066
0.285224 0.064666
0.260048 0.913946
0.423827 0.563368
0.560689 0.465997
0.017735 0.263547
0.324887 0.782463
0.645905 0.921148
0.512225 0.113074
0.450479 0.217019
0.180687 0.891314
0.878666 0.649735
0.442067 0.684430
0.017602 0.690896
0.279808 0.248830
0.490862 0.273219
0.392070 0.319013
0.381732 0.436589
0.699065 0.958973
0.038065 0.598785
0.312214 0.769552
0.170876 0.319830
0.389294 0.181107
0.858818 0.259287
0.546648 0.985348
0.658037 0.618350
0.884101 0.540735
0.353058 0.402722
0.194984 0.069828
0.379157 0.326182
0.768314 0.384972
0.115419 0.066594
0.618456 0.548595
0.589220 0.460090
0.460551 0.796146
0.762782 0.824575
0.174634 0.247069
0.362802 0.482989
0.039730 0.040262
0.391650 0.540834
0.920904 0.202228
0.169916 0.430546
0.048983 0.948830
0.351211 0.256163
0.192613 0.623781
0.741766 0.972281
0.693524 0.454030
0.295465 0.666035
0.794272 0.464237
0.110239 0.102188
0.875314 0.429661
0.254036 0.884963
0.270819 0.010220
0.139155 0.478136
0.522314 0.615689
0.918831 0.967399
0.035963 0.159655
0.189597 0.341948
0.641486 0.888073
0.371313 0.447038
0.367840 0.060781
0.862661 0.553133
0.521027 0.468633
0.984227 0.730639
0.651397 0.059312
0.197522 0.209202
0.724607 0.542138
0.818586 0.869240
0.045988 0.706121
0.630577 0.330604
0.008959 0.141348
0.776945 0.374460
0.544702 0.937629
0.749883 0.111624
0.672462 0.657313
0.299851 0.837458
0.050736 0.590810
0.619941 0.488358
0.710843 0.251937
0.694820 0.053134
0.656889 0.994646
0.846164 0.400709
0.605743 0.645761
0.045677 0.277851
0.556136 0.416452
0.340237 0.772269
0.103619 0.132050
0.899180 0.106887
0.817399 0.285954
0.554552 0.263006
0.989224 0.599894
0.840079 0.028013
0.694570 0.247095
0.301184 0.166164
0.798265 0.696443
0.508762 0.092586
0.742789 0.957220
0.818855 0.196668
0.173233 0.808288
0.199014 0.750493
0.888321 0.873383
0.692759 0.548885
0.189476 0.138959
0.891328 0.689234
0.634697 0.242043
0.893258 0.622932
0.947029 0.890532
0.490260 0.215365
0.534669 0.137917
0.461130 0.363370
0.244784 0.506326
0.167155 0.900944
0.714935 0.207710
0.345572 0.821872
0.369991 0.747745
0.382961 0.602622
0.260219 0.429567
0.988678 0.702902
0.034826 0.355403
0.309198 0.737995
0.453521 0.420954
0.178568 0.593643
0.240714 0.856230
