0.989108 0.693050
0.520352 0.147468
0.957573 0.671316
0.538484 0.037065
0.261870 0.871288
0.871527 0.740652
0.061736 0.017316
0.902997 0.014122
0.807869 0.732559
0.775251 0.515630
0.780292 0.007234
0.940002 0.905592
0.668498 0.622712
0.596442 0.912724
0.822028 0.044071
0.345299 0.826153
0.921912 0.513068
0.488197 0.477362
0.646326 0.596333
0.154094 0.557135
0.590435 0.450159
0.811416 0.116227
0.965572 0.631011
0.684038 0.468093
0.187639 0.842262
0.266731 0.426516
0.401716 0.749055
0.235759 0.514942
0.849238 0.626524
0.832314 0.384803
0.152892 0.642263
0.970624 0.709316
0.993951 0.923324
0.371162 0.589368
0.399258 0.452473
0.557749 0.756103
0.573582 0.785836
0.839039 0.157185
0.886462 0.791666
0.463133 0.701818
0.598887 0.415148
0.864041 0.306151
0.752964 0.751865
0.752203 0.449853
0.922888 0.207952
0.289640 0.825056
0.583242 0.194824
0.158754 0.347267
0.102781 0.121683
0.865325 0.091252
0.241478 0.547444
0.936867 0.692343
0.562009 0.025301
0.975921 0.856684
0.841348 0.289112
0.208878 0.473464
0.984065 0.384122
0.479973 0.574026
0.115943 0.913028
0.625259 0.049651
0.030135 0.013196
0.034189 0.108706
0.136687 0.368553
0.108327 0.516927
0.356717 0.277781
0.424699 0.767131
0.045867 0.983729
0.752352 0.873140
0.469618 0.941285
0.942486 0.377042
0.084462 0.175812
0.782550 0.123110
0.773955 0.776946
0.264035 0.061332
0.273880 0.399585
0.296276 0.761956
0.424448 0.100102
0.088360 0.096314
0.903149 0.590413
0.549847 0.900346
0.042108 0.041179
0.978255 0.961900
0.029145 0.439770
0.171620 0.974719
0.379903 0.696828
0.692335 0.185190
0.378067 0.070020
0.264248 0.369792
0.014365 0.985079
0.318268 0.456644
0.189740 0.812412
0.923381 0.031304
0.110488 0.604464
0.192231 0.237072
0.649605 0.910576
0.638554 0.621814
0.872593 0.714641
0.760459 0.600106
0.463882 0.497717
0.370643 0.836626
0.066643 0.335123
0.718554 0.619402
0.068801 0.835226
0.811583 0.071419
0.199360 0.348361
0.540766 0.120145
0.274548 0.342238
0.590333 0.001778
0.243608 0.600179
0.090737 0.965925
0.843051 0.656909
0.253445 0.163095
0.236989 0.773452
0.206722 0.565491
0.149584 0.208541
0.220761 0.315895
0.998589 0.017287
0.079930 0.308164
0.205791 0.750462
0.431382 0.725464
0.496789 0.684738
0.916318 0.674677
0.320461 0.860815
0.557461 0.099653
0.510088 0.058083
0.476260 0.293023
0.726852 0.324562
0.618137 0.546836
0.443093 0.070139
0.044323 0.225753
0.512518 0.834948
0.294691 0.569916
0.972488 0.053065
0.474958 0.170463
0.707329 0.589593
0.750192 0.533615
0.516729 0.869272
0.474946 0.413352
0.319437 0.742714
0.695887 0.495892
0.811611 0.884343
0.873952 0.003505
0.162167 0.419521
0.342544 0.228756
0.758817 0.143808
0.458549 0.336841
0.935661 0.571509
0.212300 0.909491
0.388661 0.107052
0.098292 0.863946
0.198002 0.040282
0.313175 0.177188
0.768789 0.953450
0.500766 0.350679
0.515850 0.701856
0.313499 0.973990
0.142286 0.813226
0.874049 0.973130
0.844049 0.987663
0.895466 0.097534
0.337850 0.061458
0.877190 0.277718
0.311369 0.053917
0.651375 0.471081
0.974889 0.775210
0.148815 0.068895
0.501362 0.621390
0.137207 0.097946
0.454601 0.913093
0.915375 0.722318
0.774397 0.894586
0.550332 0.519277
0.033541 0.784910
0.370957 0.435489
0.994722 0.809909
0.207774 0.625401
0.916853 0.774073
0.016424 0.586799
0.482329 0.885507
0.694681 0.632932
0.334275 0.335677
0.872956 0.644181
0.965991 0.329373
0.166818 0.032468
0.569226 0.346176
0.932455 0.152706
0.927369 0.175547
0.691536 0.714621
0.834211 0.808397
0.948983 0.011181
0.729284 0.083938
0.994944 0.613947
0.111480 0.546269
0.362043 0.989054
0.734151 0.393171
0.104175 0.764862
0.352984 0.689946
0.126825 0.421404
0.445814 0.960320
0.430184 0.357716
0.913130 0.394017
0.556026 0.643778
0.488971 0.116736
0.861546 0.910210
0.616004 0.747565
0.791060 0.755152
0.107748 0.445238
0.473946 0.055234
0.639342 0.946678
0.262406 0.637131
0.401235 0.344649
0.227138 0.364242
0.508824 0.555734
0.290242 0.002411
0.539224 0.410444
0.026960 0.660262
0.307446 0.935951
0.764112 0.727822
0.025238 0.381876
0.390130 0.491373
0.370552 0.512872
0.728317 0.728330
0.370643 0.468877
0.906700 0.646133
0.996251 0.496394
0.498780 0.196768
0.711242 0.057095
0.055416 0.763398
0.320207 0.490480
0.194003 0.321043
0.170561 0.480884
0.449055 0.409153
0.470520 0.199769
0.877547 0.766258
0.268031 0.200691
0.309880 0.237976
0.761024 0.375341
0.564581 0.567264
0.863655 0.808419
0.467600 0.032977
0.916735 0.285967
0.837159 0.933111
0.377837 0.804603
0.373477 0.726796
0.332163 0.522443
0.502198 0.786660
0.571220 0.672068
0.702015 0.943941
0.178915 0.206972
0.612087 0.682620
0.017055 0.472893
0.623458 0.433403
0.125806 0.188748
0.784243 0.576999
0.802052 0.387159
0.571896 0.825330
0.052798 0.188296
0.209871 0.441997
0.808928 0.657729
0.605299 0.518080
0.883133 0.356130
0.901878 0.862322
0.353380 0.354346
0.424363 0.418349
0.208041 0.070754
0.682728 0.278010
0.734886 0.288082
0.474858 0.805453
0.529137 0.627085
0.056170 0.662792
0.981111 0.469514
0.027298 0.957450
0.569961 0.415701
0.158796 0.915170
0.203319 0.692135
0.393844 0.649698
0.588057 0.262030
0.517406 0.287802
0.011732 0.231315
0.404195 0.814900
0.507593 0.032805
0.835862 0.465692
0.884109 0.830599
0.919079 0.923664
0.470426 0.637561
0.349211 0.794934
0.498923 0.953588
0.590867 0.761758
0.755025 0.110137
0.873723 0.241624
0.551541 0.380505
0.086990 0.279809
0.222910 0.992158
0.493764 0.148478
0.834034 0.960689
0.278988 0.260327
0.663733 0.876951
0.348494 0.490868
0.042779 0.694881
0.435504 0.813455
0.313506 0.134565
0.294857 0.692089
0.098641 0.937850
0.436282 0.128392
0.232723 0.700563
0.842591 0.074414
0.145677 0.587807
0.165384 0.758797
0.271768 0.515505
0.234168 0.214627
0.526825 0.659033
0.874347 0.121442
0.402086 0.205894
0.450684 0.551976
0.695895 0.111811
0.170417 0.866291
0.116773 0.637694
0.303036 0.029297
0.667782 0.307041
0.833767 0.902864
0.881354 0.035735
0.598125 0.814452
0.693804 0.442627
0.908324 0.064965
0.706800 0.377719
0.410552 0.138038
0.918599 0.241598
0.022077 0.134577
0.341371 0.255768
0.702751 0.739504
0.472569 0.359469
0.754010 0.320050
0.002425 0.537318
0.325466 0.572676
0.644648 0.134920
0.957836 0.936557
0.842977 0.490021
0.061501 0.382873
0.217715 0.937091
0.366147 0.405571
0.091490 0.577831
0.711351 0.271810
0.163720 0.004100
0.886929 0.165030
0.424675 0.980414
0.628262 0.711440
0.718139 0.231008
0.784067 0.679984
0.956111 0.552502
0.013742 0.336202
0.563227 0.318448
0.121209 0.394992
0.417555 0.056024
0.011878 0.069035
0.001988 0.841365
0.361388 0.619852
0.585887 0.968733
0.419561 0.652026
0.160569 0.831450
0.163100 0.180486
0.355830 0.751681
0.620695 0.575253
0.636114 0.855264
0.471738 0.671706
0.840975 0.335717
0.332664 0.672420
0.302348 0.392568
0.082684 0.357449
0.445821 0.380208
0.870649 0.860008
0.082540 0.812528
0.302847 0.598629
0.893352 0.220541
0.440379 0.161282
0.397050 0.847777
0.517735 0.108113
0.846480 0.872737
0.250758 0.675050
0.595224 0.658320
0.256446 0.949485
0.042766 0.358221
0.009120 0.721644
0.965467 0.596709
0.895418 0.620994
0.724913 0.766217
0.236869 0.487841
0.782593 0.839787
0.817580 0.417786
0.145342 0.720555
0.209658 0.136388
0.201853 0.101199
0.411018 0.170052
0.498297 0.652090
0.022991 0.622793
0.080601 0.746804
0.182622 0.548363
0.051825 0.634548
0.769176 0.343651
0.738273 0.676786
0.177192 0.896483
0.593500 0.360642
0.330798 0.769417
0.601477 0.594294
0.722327 0.851649
0.660649 0.171492
0.050707 0.806478
0.176724 0.298379
0.046626 0.465371
0.651167 0.332892
0.103398 0.324140
0.293418 0.477257
0.077568 0.604355
0.431713 0.934101
0.544806 0.870266
0.375049 0.227567
0.656229 0.442509
0.897206 0.188899
0.004937 0.782975
0.977983 0.420511
0.521319 0.806559
0.270812 0.734276
0.183284 0.643478
0.420355 0.288004
0.576078 0.142643
0.951240 0.131250
0.257037 0.103204
0.111590 0.816142
0.613970 0.393667
0.055369 0.151447
0.919991 0.544786
0.450301 0.476888
0.482840 0.517552
0.680539 0.526708
0.344756 0.388113
0.245040 0.921494
0.180514 0.454767
0.837729 0.545444
0.023641 0.819391
0.349227 0.566998
0.942001 0.347794
0.046354 0.533948
0.425130 0.326157
0.690958 0.824254
0.973992 0.144380
0.255810 0.808149
0.440507 0.188025
0.591434 0.295832
0.818620 0.627319
0.858627 0.173040
0.809582 0.700155
0.495797 0.272903
0.992927 0.126447
0.065647 0.508539
0.748405 0.918797
0.262133 0.901006
0.964270 0.446373
0.565731 0.285010
0.272547 0.603415
0.619293 0.460473
0.108271 0.730942
0.216159 0.026410
0.813252 0.147645
0.050816 0.897492
0.086255 0.631990
0.761725 0.284537
0.423959 0.504453
0.803307 0.914601
0.238749 0.454829
0.085812 0.491871
0.401676 0.681593
0.188740 0.419378
0.345700 0.894722
0.045145 0.253395
0.845539 0.229011
0.627129 0.646750
0.655398 0.569932
0.557886 0.727641
0.805990 0.946843
0.715775 0.029502
0.824289 0.566271
0.791643 0.354433
0.032815 0.412281
0.315738 0.899849
0.413666 0.385068
0.114149 0.885936
0.484474 0.913460
0.305791 0.206325
0.533728 0.241350
0.107161 0.992727
0.129006 0.325045
0.562557 0.065528
0.839408 0.434663
0.823168 0.306731
0.324698 0.103282
0.201983 0.775724
0.165345 0.670665
0.306781 0.659572
0.336902 0.199071
0.404500 0.080798
0.461033 0.444405
0.788285 0.423665
0.294631 0.864215
0.434046 0.248277
0.582587 0.043791
0.515968 0.324730
0.641575 0.740126
0.263833 0.979130
0.622972 0.923505
0.983119 0.556986
0.710085 0.879663
0.780244 0.808031
0.630739 0.491958
0.982022 0.280615
0.435848 0.213116
0.720363 0.483488
0.041029 0.321465
0.562847 0.246261
0.564416 0.700022
0.118495 0.786918
0.662927 0.843438
0.662045 0.200196
0.880951 0.064367
0.743083 0.053821
0.372597 0.771520
0.653173 0.060473
0.702427 0.406217
0.066388 0.057537
0.224533 0.798175
0.114930 0.055403
0.896034 0.307605
0.064568 0.086044
0.722950 0.112448
0.595310 0.164296
0.646224 0.382041
0.847453 0.779135
0.998428 0.444402
0.482464 0.384413
0.306921 0.081848
0.674626 0.383594
0.040393 0.845466
0.941305 0.270028
0.001195 0.203940
0.407029 0.958540
0.686331 0.329526
0.893388 0.435111
0.234908 0.629857
0.978764 0.217591
0.612913 0.228142
0.220090 0.246295
0.194122 0.002690
0.539556 0.350150
0.898123 0.699405
0.859280 0.576102
0.068322 0.557903
0.360245 0.113082
0.448509 0.308881
0.724569 0.175174
0.019196 0.515405
0.070825 0.207190
0.070161 0.723470
0.785297 0.157059
0.835165 0.195605
0.579670 0.630204
0.760323 0.559971
0.042279 0.927727
0.510571 0.398423
0.351782 0.085565
0.295789 0.723899
0.569239 0.925116
0.001713 0.645062
0.449213 0.751960
0.173715 0.733155
0.536917 0.073826
0.918224 0.125626
0.139049 0.854247
0.339008 0.424711
0.937070 0.475391
0.758583 0.029601
0.245948 0.261976
0.665140 0.760289
0.560325 0.440553
0.229895 0.963111
0.367806 0.158586
0.094031 0.021481
0.752230 0.630213
0.559978 0.996043
0.488542 0.449839
0.129808 0.129673
0.053189 0.292696
0.724180 0.426709
0.378889 0.254691
0.111935 0.084869
0.270223 0.841290
0.070989 0.258496
0.113270 0.841501
0.332394 0.924988
0.808841 0.980520
0.390150 0.620134
0.810671 0.181423
0.293576 0.437678
0.576091 0.492814
0.026435 0.555543
0.730243 0.559684
0.139789 0.465989
0.932877 0.863623
0.801807 0.526328
0.420533 0.869052
0.690236 0.856280
0.172405 0.094031
0.541203 0.930565
0.176734 0.788583
0.197353 0.967047
0.943307 0.722630
0.880509 0.890460
0.569632 0.856228
0.973749 0.357245
0.677667 0.061932
0.833995 0.104365
0.199126 0.173999
0.542390 0.545728
0.505865 0.426475
0.968802 0.907674
0.531631 0.959895
0.935770 0.053770
0.988624 0.314891
0.379436 0.551790
0.743056 0.506604
0.871988 0.497124
0.232704 0.187251
0.599870 0.484508
0.578243 0.529801
0.517350 0.898794
0.981696 0.080588
0.924341 0.096293
0.294042 0.153130
0.596021 0.704708
0.374419 0.868751
0.750332 0.984084
0.272540 0.541195
0.410240 0.232445
0.130284 0.496219
0.142376 0.532504
0.782502 0.709547
0.382245 0.013524
0.136806 0.295533
0.799383 0.281254
0.249009 0.749176
0.512470 0.927472
0.368441 0.658514
0.915046 0.834589
0.720827 0.823022
0.676640 0.149202
0.681310 0.594114
0.784870 0.638352
0.400019 0.928404
0.787277 0.610771
0.437274 0.577448
0.755802 0.480873
0.820160 0.853669
0.457250 0.843671
0.615847 0.140814
0.230922 0.576527
0.124325 0.961728
0.192430 0.267747
0.848910 0.838032
0.737696 0.943929
0.980173 0.251764
0.404899 0.896353
0.947110 0.519763
0.735996 0.592090
0.725638 0.967058
0.278004 0.666056
0.518906 0.175602
0.434165 0.449792
0.343649 0.642457
0.792962 0.091035
0.521727 0.469721
0.818521 0.767273
0.497325 0.248021
0.885026 0.387275
0.278944 0.177901
0.589371 0.557572
0.365337 0.921844
0.285737 0.313946
0.203452 0.598710
0.787752 0.866224
0.228987 0.659903
0.185420 0.128711
0.345099 0.863505
0.633170 0.168710
0.520594 0.371998
0.649611 0.542107
0.160361 0.948883
0.883673 0.471819
0.465399 0.728680
0.948360 0.781613
0.839139 0.598838
0.075094 0.463411
0.318531 0.627981
0.843532 0.016532
0.936922 0.597582
0.278106 0.081173
0.967921 0.027454
0.238197 0.341756
0.948060 0.079294
0.863856 0.451036
0.839436 0.717994
0.710153 0.916686
0.288800 0.894748
0.092479 0.418409
0.201269 0.663589
0.159963 0.238346
0.955783 0.186146
0.085765 0.660608
0.543117 0.493567
0.612083 0.975554
0.585902 0.226724
0.604847 0.027029
0.573795 0.597049
0.595960 0.325952
0.269140 0.135128
0.709787 0.999811
0.950985 0.245669
0.551482 0.802991
0.317506 0.828839
0.780353 0.450781
0.427491 0.840444
0.830059 0.517212
0.242826 0.844148
0.828793 0.681774
0.534607 0.996244
0.455492 0.601112
0.663301 0.982758
0.089101 0.047789
0.657700 0.257293
0.655659 0.232759
0.793780 0.035316
0.557095 0.211218
0.579198 0.886108
0.701124 0.664303
0.112701 0.706354
0.852868 0.408004
0.177928 0.581538
0.870180 0.332819
0.079859 0.784540
0.324976 0.015858
0.942554 0.753187
0.309269 0.544319
0.050240 0.578203
0.444055 0.791531
0.487336 0.754343
0.958686 0.294921
0.635553 0.803571
0.025368 0.196211
0.171483 0.154480
0.703963 0.151662
0.141403 0.984731
0.214488 0.404358
0.408726 0.595721
0.290975 0.112707
0.796548 0.244679
0.752896 0.418076
0.902715 0.951558
0.139056 0.688778
0.867864 0.204413
0.287608 0.795419
0.650796 0.027861
0.642715 0.669044
0.511054 0.498871
0.686967 0.218159
0.856203 0.370893
0.175570 0.369394
0.750589 0.813924
0.003451 0.165629
0.379364 0.895539
0.791764 0.551186
0.371046 0.948466
0.692496 0.247631
0.777180 0.057995
0.738177 0.252716
0.200842 0.498145
0.518020 0.753278
0.320601 0.703555
0.494068 0.723069
0.137596 0.039623
0.681438 0.685603
0.138929 0.159162
0.472243 0.776157
0.164828 0.270799
0.502741 0.008622
0.961692 0.490287
0.110134 0.160675
0.215104 0.854875
0.342622 0.133928
0.278730 0.287149
0.103225 0.204920
0.026051 0.753402
0.530035 0.726269
0.621068 0.109935
0.786693 0.216392
0.264879 0.571745
0.083783 0.231011
0.009003 0.868200
0.681262 0.558459
0.113361 0.284441
0.590262 0.731559
0.073173 0.696282
0.314238 0.415039
0.230257 0.728738
0.243600 0.289563
0.235729 0.057552
0.536917 0.308909
0.067114 0.438792
0.675273 0.925297
0.199274 0.719944
0.818498 0.220345
0.714011 0.694912
0.509147 0.224361
0.109582 0.475508
0.242369 0.391533
0.213401 0.283730
0.648062 0.285915
0.616503 0.278897
0.652742 0.694323
0.355195 0.537353
0.606980 0.883811
0.147287 0.782131
0.706442 0.552385
0.814185 0.009617
0.513827 0.591762
0.704802 0.304756
0.661229 0.813801
0.363264 0.198935
0.424893 0.615000
0.621605 0.830536
0.171400 0.699311
0.722420 0.455961
0.949637 0.215894
0.528714 0.443280
0.977542 0.175244
0.171443 0.612835
0.269021 0.458312
0.083492 0.143139
0.268911 0.773835
0.684529 0.030204
0.959273 0.104934
0.004749 0.360971
0.369280 0.325541
0.449471 0.279114
0.781913 0.308144
0.040103 0.495254
0.246474 0.028502
0.401192 0.035336
0.912681 0.891059
0.876064 0.550199
0.007279 0.042615
0.695752 0.976597
0.280644 0.931160
0.275982 0.033373
0.266723 0.488639
0.282866 0.227153
0.912673 0.360042
0.736927 0.356462
0.692950 0.766255
0.873151 0.603051
0.749930 0.204606
0.333455 0.986060
0.928791 0.989807
0.625814 0.364945
0.310808 0.327519
0.934454 0.954003
0.226734 0.156001
0.753350 0.844186
0.344699 0.457201
0.377388 0.293892
0.073250 0.924419
0.912136 0.454060
0.082467 0.534238
0.316798 0.796738
0.212164 0.531487
0.715581 0.521143
0.654969 0.097825
0.453724 0.874126
0.587042 0.093240
0.473055 0.084375
0.612635 0.189462
0.975123 0.520498
0.867314 0.945779
0.857717 0.688652
0.776158 0.395931
0.805534 0.326252
0.934817 0.313243
0.379763 0.359224
0.764351 0.660918
0.514029 0.527486
0.506057 0.980714
0.060640 0.953944
0.008401 0.261984
0.455491 0.104895
0.232148 0.092233
0.036054 0.077740
0.897936 0.564327
0.841013 0.747243
0.238041 0.123604
0.537096 0.774797
0.601382 0.069950
0.121390 0.571444
0.937661 0.440578
0.265130 0.703686
0.904646 0.745994
0.634705 0.209143
0.684701 0.896144
0.852555 0.045055
0.465844 0.138581
0.667360 0.653715
0.599580 0.850999
0.811942 0.591380
0.154489 0.507374
0.314242 0.292826
0.811455 0.826427
0.401722 0.782991
0.693321 0.083631
0.804811 0.792825
0.443804 0.670187
0.481579 0.601540
0.637967 0.518089
0.469360 0.226906
0.182254 0.519310
0.710856 0.795412
0.730305 0.140559
0.112920 0.354569
0.472062 0.975437
0.645391 0.413811
0.472582 0.005021
0.911749 0.805389
0.670008 0.118952
0.597565 0.942989
0.707141 0.348342
0.343189 0.722322
0.073507 0.990055
0.289173 0.631136
0.201752 0.881297
0.557951 0.962287
0.187076 0.932128
0.138033 0.260525
0.385106 0.136395
0.638413 0.774632
0.671013 0.356704
0.665552 0.724653
0.444152 0.635463
0.031431 0.162429
0.017171 0.689844
0.062426 0.409672
0.098860 0.683935
0.670186 0.006297
0.808405 0.493927
0.738253 0.010299
0.533074 0.202239
0.669868 0.952397
0.107883 0.249996
0.929888 0.414504
0.288106 0.965195
0.579089 0.386162
0.627004 0.307837
0.626329 0.009665
0.951418 0.839565
0.900656 0.261303
0.880548 0.415014
0.250642 0.001648
0.955527 0.977304
0.894578 0.141925
0.398565 0.420831
0.222006 0.823348
0.160099 0.320962
0.062018 0.119444
0.399713 0.309055
0.956550 0.878358
0.849414 0.130528
0.020921 0.910130
0.539420 0.683395
0.312758 0.267330
0.941252 0.648413
0.339125 0.164540
0.408711 0.003534
0.157674 0.122902
0.780741 0.977383
0.983270 0.993142
0.910670 0.486958
0.432136 0.897912
0.674596 0.416903
0.956909 0.400314
0.013473 0.302833
0.135343 0.933615
0.156156 0.392589
0.589548 0.120275
0.677218 0.790937
0.969500 0.814285
0.810651 0.454664
0.337707 0.601903
0.127782 0.013272
0.932067 0.622151
0.558511 0.467919
0.881590 0.671530
0.428846 0.695474
0.462178 0.253456
0.748896 0.701454
0.232847 0.883998
0.551104 0.149036
0.983741 0.663131
0.534876 0.575855
0.149064 0.442805
0.487861 0.858540
0.483954 0.828108
0.630318 0.083753
0.300667 0.515969
0.633608 0.883979
0.083158 0.897448
0.820509 0.258844
0.609293 0.786707
0.404467 0.720595
0.487720 0.320243
0.503459 0.084489
0.176780 0.063644
0.404207 0.265107
0.036830 0.873376
0.238591 0.424120
0.734256 0.894741
0.340631 0.954531
0.198450 0.383478
0.138284 0.614951
0.254412 0.316229
0.205510 0.205942
0.548545 0.606512
0.399367 0.524296
0.399684 0.570244
0.622863 0.251680
0.636607 0.976267
0.894357 0.519667
0.365632 0.045190
0.418792 0.547653
0.745229 0.786728
0.040990 0.727612
0.001715 0.099430
0.772280 0.258710
0.070726 0.865888
0.997358 0.750378
0.254218 0.234340
0.093970 0.385749
0.889873 0.923816
0.994528 0.889476
0.911511 0.331312
0.002481 0.948200
0.779670 0.926897
0.862870 0.526301
0.539576 0.269439
0.352531 0.022140
0.477933 0.543931
0.783935 0.482180
0.134256 0.749514
0.972415 0.739557
0.902665 0.981637
0.541552 0.836244
0.342411 0.304441
0.416655 0.475316
0.762047 0.082915
0.759035 0.231370
0.047578 0.603866
0.127674 0.663452
0.443421 0.002132
0.729336 0.648992
0.847388 0.259777
0.665940 0.500300
0.557679 0.176465
0.385716 0.386591
0.382189 0.973853
0.385390 0.182212
0.005026 0.405818
0.753195 0.173586
0.988655 0.582661
0.323210 0.371146
0.435576 0.030974
0.608207 0.622922
0.782383 0.189221
0.940050 0.809542
0.442710 0.523128
0.297008 0.360226
0.623453 0.339070
0.125847 0.227359
0.822547 0.358162
0.027846 0.279186
0.718828 0.202930
0.142880 0.885661
