0.416281 0.286247
0.731799 0.490567
0.652597 0.763312
0.029487 0.177312
0.297896 0.120754
0.163786 0.822265
0.302655 0.228282
0.180430 0.190757
0.783495 0.744130
0.116041 0.643330
0.578705 0.369352
0.610380 0.626574
0.766454 0.113929
0.553669 0.948543
0.845874 0.691563
0.916567 0.357158
0.887435 0.419867
0.204852 0.983310
0.739002 0.744839
0.877878 0.844984
0.336991 0.838698
0.300749 0.520641
0.448171 0.322989
0.163527 0.978468
0.855888 0.608706
0.135590 0.703790
0.830618 0.344708
0.327331 0.730954
0.994258 0.472111
0.160215 0.590711
0.740240 0.578902
0.537098 0.952909
0.008983 0.256654
0.352279 0.974927
0.404982 0.394760
0.796257 0.190285
0.361523 0.660435
0.675306 0.683053
0.037093 0.757231
0.404696 0.215754
0.052683 0.917016
0.286669 0.902910
0.069645 0.599333
0.910952 0.997064
0.250514 0.851711
0.180388 0.794827
0.572410 0.249539
0.678038 0.267640
0.175101 0.285629
0.398784 0.944044
0.845896 0.170586
0.006313 0.045577
0.342232 0.703295
0.577403 0.131554
0.518377 0.251672
0.934620 0.493702
0.261078 0.436288
0.780641 0.116366
0.226298 0.798323
0.983328 0.999452
0.714597 0.727430
0.005642 0.144007
0.864186 0.956155
0.437025 0.088639
0.375827 0.752135
0.100458 0.235654
0.784182 0.226991
0.540411 0.592219
0.078034 0.446893
0.983211 0.271167
0.211154 0.024893
0.444788 0.563096
0.804240 0.896962
0.031322 0.399600
0.426443 0.517608
0.045445 0.638350
0.978623 0.779108
0.164485 0.708381
0.058712 0.007701
0.999505 0.327956
0.114542 0.721004
0.491932 0.551202
0.894109 0.965160
0.537901 0.969852
0.259632 0.043253
0.434545 0.330490
0.203052 0.471401
0.358085 0.335071
0.251237 0.183310
0.469663 0.697746
0.001666 0.117477
0.756079 0.954524
0.108765 0.276372
0.346516 0.580898
0.360486 0.559553
0.724708 0.835125
0.599534 0.765695
0.525705 0.964287
0.898649 0.818057
0.361646 0.187820
0.085899 0.797348
0.198877 0.788160
0.598156 0.738025
0.289547 0.291248
0.788375 0.563693
0.166269 0.121050
0.603079 0.150239
0.393275 0.589121
0.513595 0.158338
0.274279 0.439539
0.232484 0.256246
0.366899 0.216460
0.885400 0.375136
0.687453 0.837625
0.899435 0.111389
0.711799 0.637992
0.160587 0.790952
0.242359 0.638240
0.093683 0.953661
0.968349 0.430036
0.800600 0.442300
0.659285 0.721255
0.022274 0.576008
0.446877 0.155847
0.308935 0.332885
0.120576 0.138175
0.441406 0.309401
0.195860 0.655455
0.075274 0.503795
0.816783 0.410210
0.895898 0.780816
0.100480 0.575740
0.081311 0.598141
0.015247 0.973970
0.187239 0.269931
0.451581 0.265183
0.621446 0.715682
0.222835 0.273706
0.420894 0.604278
0.559335 0.231252
0.586468 0.303235
0.394326 0.542484
0.066383 0.583128
0.479463 0.229264
0.326913 0.811007
0.360811 0.588075
0.604483 0.571425
0.732169 0.387171
0.320320 0.349956
0.948013 0.894581
0.600416 0.896800
0.399292 0.015560
0.179309 0.699719
0.925636 0.135245
0.309773 0.871619
0.129929 0.764023
0.959389 0.312981
0.178601 0.638586
0.707858 0.180612
0.211651 0.132306
0.349453 0.362472
0.488756 0.331331
0.920139 0.652168
0.246667 0.956129
0.672120 0.011542
0.623042 0.318028
0.927470 0.780035
0.777223 0.437994
0.425369 0.756946
0.314840 0.546357
0.673696 0.428380
0.122052 0.877385
0.257943 0.403226
0.502986 0.271073
0.045754 0.793813
0.031934 0.014078
0.854005 0.371519
0.882824 0.738378
0.380502 0.778101
0.647846 0.984453
0.694306 0.264099
0.248131 0.422626
0.492740 0.872857
0.182406 0.507283
0.880739 0.571373
0.951511 0.974155
0.039699 0.565173
0.509629 0.818399
0.792031 0.043359
0.684420 0.438905
0.454174 0.104359
0.509775 0.415518
0.892118 0.143118
0.628713 0.727728
0.221522 0.599180
0.412076 0.836015
0.980849 0.251869
0.912842 0.303410
0.859448 0.087561
0.575049 0.148891
0.860517 0.927009
0.682268 0.925849
0.877280 0.345266
0.913127 0.194878
0.588639 0.106865
0.903537 0.464421
0.626035 0.181018
0.612122 0.347258
0.119987 0.048694
0.924577 0.340185
0.710334 0.926903
0.033165 0.464541
0.320327 0.113710
0.835074 0.146604
0.515003 0.175536
0.062973 0.117025
0.309012 0.610902
0.269364 0.372044
0.646293 0.062864
0.352716 0.959638
0.254867 0.310715
0.211785 0.113434
0.587671 0.599451
0.593593 0.425727
0.275621 0.290400
0.372819 0.388559
0.537430 0.927071
0.063225 0.839845
0.908924 0.735285
0.912426 0.942030
0.794304 0.955117
0.225875 0.291659
0.233903 0.863907
0.984955 0.420290
0.842186 0.092095
0.675426 0.149255
0.345088 0.079901
0.888049 0.749919
0.976149 0.456410
0.339023 0.594567
0.512883 0.569196
0.939202 0.398065
0.058313 0.670297
0.237850 0.281276
0.065955 0.894212
0.476980 0.319886
0.026365 0.330459
0.470129 0.798252
0.459197 0.721727
0.775188 0.453269
0.855202 0.984017
0.925211 0.393509
0.903012 0.632955
0.639538 0.564612
0.556447 0.662504
0.853946 0.148611
0.395889 0.464762
0.764434 0.635622
0.217861 0.900876
0.868767 0.197258
0.135599 0.140715
0.894659 0.594945
0.383355 0.226620
0.349675 0.544931
0.393534 0.148514
0.377996 0.736096
0.532571 0.379999
0.564051 0.642470
0.568903 0.798520
0.460909 0.411506
0.752645 0.534996
0.017649 0.130902
0.749888 0.221996
0.924212 0.474550
0.373344 0.452152
0.869105 0.747606
0.055683 0.504072
0.240905 0.483048
0.944738 0.567276
0.628081 0.403195
0.790580 0.848701
0.507588 0.692029
0.228633 0.323513
0.611898 0.198086
0.070652 0.181540
0.084395 0.821974
0.042340 0.742610
0.243170 0.378044
0.932099 0.082386
0.676318 0.736915
0.258035 0.079763
0.474976 0.834381
0.394472 0.295401
0.316126 0.126457
0.435512 0.506461
0.114080 0.595762
0.245069 0.930534
0.169780 0.850912
0.541909 0.029637
0.743203 0.442316
0.290386 0.695204
0.067444 0.413063
0.365271 0.733864
0.532004 0.916797
0.887164 0.046381
0.366176 0.548635
0.506735 0.767076
0.017402 0.001174
0.909765 0.317380
0.591916 0.652144
0.705290 0.584930
0.841983 0.799909
0.748382 0.874605
0.238758 0.796764
0.947260 0.019230
0.609098 0.327618
0.008347 0.086519
0.653724 0.806046
0.852282 0.134981
0.318119 0.151396
0.745821 0.702020
0.773951 0.196961
0.852732 0.759625
0.803268 0.883375
0.522685 0.195507
0.513187 0.781774
0.238594 0.763854
0.575780 0.616124
0.489304 0.365304
0.420657 0.090544
0.103258 0.880795
0.999746 0.489533
0.752472 0.053644
0.463095 0.115950
0.322875 0.280188
0.992527 0.936701
0.990016 0.338273
0.660923 0.688230
0.085329 0.850069
0.172249 0.783282
0.678208 0.044649
0.897598 0.685033
0.316984 0.694162
0.728493 0.785463
0.119269 0.018674
0.634164 0.941054
0.775110 0.916907
0.204871 0.518767
0.670499 0.901354
0.135729 0.574570
0.330633 0.243064
0.601396 0.719188
0.152371 0.110442
0.107278 0.133478
0.223045 0.108110
0.277858 0.682852
0.564956 0.958036
0.682830 0.253030
0.760358 0.545693
0.709027 0.903172
0.401563 0.784487
0.001439 0.267426
0.541262 0.342077
0.544642 0.327504
0.866508 0.054227
0.442595 0.967572
0.708222 0.687036
0.300086 0.903238
0.634834 0.358158
0.086361 0.151549
0.238609 0.782853
0.216447 0.732423
0.372815 0.646259
0.237950 0.702987
0.304280 0.051178
0.384675 0.935239
0.311636 0.204483
0.558659 0.812946
0.997910 0.997158
0.091442 0.907580
0.688850 0.889024
0.827909 0.824300
0.142048 0.926165
0.909399 0.513317
0.799970 0.672036
0.367303 0.837910
0.817391 0.018436
0.795663 0.116940
0.703425 0.742412
0.148733 0.602985
0.106359 0.990912
0.956079 0.914312
0.602385 0.795083
0.488022 0.656218
0.298775 0.656867
0.779782 0.277555
0.405643 0.479822
0.621950 0.618705
0.749893 0.276799
0.781972 0.978330
0.495849 0.091637
0.965680 0.085898
0.973592 0.414833
0.086309 0.460112
0.740308 0.665546
0.117897 0.757879
0.820709 0.422643
0.551057 0.912483
0.610190 0.523868
0.591569 0.388691
0.828476 0.268992
0.786685 0.720037
0.413217 0.263310
0.229581 0.242206
0.797855 0.649478
0.985601 0.160750
0.295474 0.001455
0.179438 0.554060
0.938649 0.584164
0.190844 0.282383
0.247330 0.995831
0.290502 0.485649
0.637508 0.023546
0.433394 0.147491
0.124560 0.558076
0.952720 0.585161
0.432789 0.530694
0.600008 0.956214
0.595483 0.628338
0.586867 0.021520
0.460098 0.601411
0.540477 0.017713
0.566303 0.836151
0.214244 0.314244
0.509887 0.427849
0.404643 0.711954
0.016649 0.173723
0.266735 0.254199
0.663288 0.637665
0.679055 0.330598
0.943487 0.312981
0.543909 0.303831
0.214346 0.205366
0.433370 0.795939
0.669254 0.955541
0.407266 0.905513
0.974544 0.335222
0.716943 0.245821
0.034303 0.429482
0.410612 0.934759
0.117257 0.103430
0.193302 0.479638
0.668315 0.571535
0.937161 0.928459
0.183384 0.235037
0.134411 0.629250
0.769451 0.258558
0.760341 0.104834
0.379892 0.657212
0.481119 0.256392
0.288743 0.063901
0.980673 0.321473
0.761886 0.931347
0.630541 0.256624
0.660048 0.064835
0.503826 0.189065
0.612544 0.590945
0.836105 0.422541
0.841095 0.522932
0.299073 0.545667
0.126145 0.730778
0.490274 0.162223
0.156917 0.175746
0.149216 0.616953
0.969358 0.003295
0.751746 0.654805
0.357823 0.270298
0.215499 0.848708
0.658579 0.150563
0.272866 0.804234
0.659210 0.230771
0.773585 0.335902
0.387224 0.766257
0.350985 0.619017
0.074101 0.148345
0.137583 0.214603
0.920607 0.592690
0.146793 0.376460
0.450450 0.772122
0.143085 0.496919
0.125238 0.202474
0.137696 0.954672
0.983367 0.811871
0.749648 0.632843
0.460522 0.786819
0.333170 0.272118
0.272039 0.056713
0.171106 0.239807
0.538075 0.743634
0.880684 0.759869
0.546626 0.639453
0.793500 0.372754
0.311560 0.636836
0.930771 0.194437
0.582136 0.643772
0.815093 0.063877
0.372568 0.528823
0.867710 0.432363
0.341930 0.250872
0.280727 0.118569
0.946073 0.605192
0.039315 0.033584
0.452234 0.369095
0.384095 0.808641
0.916679 0.543092
0.273576 0.031451
0.163299 0.422436
0.052462 0.250834
0.060915 0.707634
0.433534 0.473019
0.142880 0.797058
0.541447 0.431119
0.013733 0.017024
0.329537 0.683222
0.467772 0.488243
0.670768 0.385101
0.795533 0.129840
0.047003 0.703858
0.277062 0.260169
0.881226 0.004997
0.922363 0.204741
0.883659 0.029579
0.771283 0.308643
0.286085 0.132875
0.352160 0.945153
0.606961 0.750411
0.878998 0.516867
0.330254 0.554598
0.104253 0.160571
0.252168 0.700213
0.283187 0.561882
0.062379 0.354268
0.353149 0.739755
0.599773 0.977955
0.589779 0.565306
0.323733 0.032144
0.805759 0.074562
0.482294 0.376869
0.155723 0.505289
0.046316 0.333956
0.010141 0.067004
0.330922 0.134734
0.694042 0.353159
0.285398 0.544664
0.103431 0.506705
0.430685 0.064832
0.093630 0.586285
0.730366 0.757124
0.145494 0.633426
0.758869 0.302729
0.533566 0.493378
0.447619 0.893940
0.057851 0.039528
0.050565 0.295693
0.624431 0.094722
0.699289 0.915374
0.447748 0.677372
0.149657 0.231022
0.929480 0.352188
0.135831 0.349997
0.238626 0.349468
0.385673 0.623905
0.411978 0.819086
0.676088 0.826813
0.911790 0.181312
0.236404 0.544322
0.327481 0.179242
0.212108 0.286289
0.558938 0.250510
0.774940 0.673914
0.808360 0.009567
0.042667 0.415926
0.342008 0.926585
0.580921 0.051450
0.307844 0.843135
0.944467 0.382845
0.935323 0.225036
0.968899 0.978792
0.643592 0.297103
0.398754 0.625895
0.319423 0.597344
0.175132 0.263622
0.595322 0.823061
0.557940 0.218436
0.306177 0.532312
0.647973 0.516958
0.600308 0.583879
0.413229 0.581422
0.867874 0.992449
0.013580 0.224986
0.243513 0.912139
0.418245 0.771943
0.658146 0.860634
0.794083 0.173720
0.392746 0.309738
0.985250 0.891107
0.421240 0.461099
0.300457 0.073035
0.644422 0.380577
0.522222 0.933097
0.228870 0.928885
0.022201 0.374620
0.183463 0.329917
0.693744 0.662894
0.591576 0.405127
0.805485 0.488369
0.660345 0.205251
0.784435 0.054705
0.739594 0.844917
0.454265 0.141693
0.365265 0.820705
0.152343 0.964868
0.927892 0.609235
0.063570 0.280321
0.641904 0.468917
0.037014 0.822810
0.184022 0.071113
0.762287 0.405959
0.376622 0.826061
0.767496 0.778274
0.376585 0.542656
0.139485 0.455904
0.228150 0.163633
0.653809 0.969932
0.993880 0.280471
0.927630 0.022056
0.457331 0.636295
0.746839 0.685739
0.445503 0.078076
0.526648 0.214821
0.119390 0.090039
0.265689 0.066171
0.668855 0.666727
0.728659 0.263237
0.366335 0.402352
0.443968 0.060143
0.491519 0.835672
0.232152 0.418345
0.733285 0.169210
0.216785 0.954772
0.855944 0.018922
0.626984 0.034154
0.335923 0.483958
0.352003 0.485691
0.177243 0.566289
0.071190 0.818975
0.571063 0.683805
0.365996 0.257607
0.109074 0.957351
0.408596 0.152293
0.888756 0.507402
0.592949 0.218120
0.391347 0.861249
0.332414 0.991459
0.820096 0.615281
0.949803 0.170261
0.505778 0.454649
0.369872 0.767115
0.066608 0.200945
0.401635 0.995195
0.709599 0.431298
0.914292 0.025148
0.465695 0.397449
0.399541 0.497089
0.260907 0.643821
0.688180 0.151634
0.676962 0.634420
0.037396 0.480816
0.948975 0.663035
0.279120 0.868205
0.223487 0.060358
0.605611 0.601618
0.075481 0.217642
0.420065 0.217980
0.086020 0.230210
0.043859 0.499114
0.520860 0.104429
0.422553 0.272560
0.856414 0.190300
0.428711 0.650770
0.199962 0.867909
0.932056 0.646245
0.698038 0.984205
0.276551 0.946436
0.915511 0.857346
0.454377 0.655387
0.959861 0.598370
0.263509 0.759268
0.732207 0.953690
0.687875 0.558762
0.028915 0.669096
0.451231 0.574497
0.957964 0.395642
0.069924 0.678972
0.492259 0.769216
0.640069 0.618246
0.547118 0.138707
0.994108 0.983392
0.880581 0.062708
0.444507 0.805824
0.598088 0.491528
0.119751 0.569297
0.516187 0.117954
0.741800 0.647138
0.420076 0.167656
0.103791 0.796786
0.676069 0.408214
0.178885 0.951331
0.395395 0.410754
0.154488 0.908233
0.525223 0.017296
0.741108 0.978820
0.379925 0.889582
0.766458 0.392029
0.892507 0.911290
0.884395 0.325042
0.565709 0.320145
0.394056 0.876782
0.053627 0.159686
0.754340 0.602813
0.967533 0.042672
0.840549 0.193151
0.306933 0.033924
0.598856 0.295051
0.639804 0.641783
0.161078 0.326639
0.214330 0.927002
0.480340 0.858984
0.301830 0.278445
0.766943 0.598051
0.135505 0.670183
0.912407 0.158004
0.987436 0.763455
0.326156 0.309667
0.923000 0.462620
0.563139 0.984922
0.484057 0.101455
0.376006 0.962352
0.856352 0.035759
0.514001 0.292899
0.688921 0.189627
0.400487 0.576921
0.799306 0.571969
0.305490 0.472056
0.132189 0.609601
0.448797 0.006437
0.984168 0.705132
0.873642 0.787921
0.423039 0.371697
0.078569 0.431564
0.526904 0.773302
0.204442 0.066008
0.480140 0.927681
0.859528 0.075457
0.701363 0.041565
0.236415 0.679733
0.002826 0.362639
0.081122 0.898437
0.644502 0.658824
0.956754 0.341132
0.589668 0.968635
0.413184 0.616194
0.348626 0.498753
0.778158 0.410589
0.137631 0.720333
0.125147 0.446793
0.968339 0.195397
0.416287 0.556265
0.310517 0.583220
0.459044 0.092543
0.658417 0.177537
0.096955 0.169927
0.236729 0.827960
0.585543 0.726345
0.025456 0.206377
0.312776 0.400839
0.241865 0.269947
0.618081 0.117362
0.134129 0.685893
0.043446 0.606585
0.707954 0.105123
0.978486 0.752906
0.843089 0.158700
0.527616 0.635520
0.860535 0.640755
0.186107 0.202647
0.602790 0.925071
0.405209 0.346852
0.015299 0.538044
0.197965 0.417884
0.853780 0.721024
0.637257 0.592436
0.472795 0.662416
0.575590 0.949194
0.151490 0.023400
0.436670 0.984332
0.105682 0.028108
0.696004 0.930765
0.610354 0.489283
0.080538 0.549127
0.903036 0.881767
0.246780 0.144349
0.656712 0.651674
0.929468 0.574859
0.312714 0.065141
0.589158 0.842928
0.622559 0.018105
0.756113 0.469643
0.562054 0.176522
0.870824 0.890626
0.676925 0.991357
0.231483 0.208091
0.872434 0.298377
0.453113 0.927952
0.290119 0.645185
0.821134 0.139288
0.904436 0.719811
0.491477 0.308845
0.712140 0.827484
0.844923 0.633301
0.096427 0.857977
0.320474 0.861212
0.206800 0.216094
0.831945 0.789321
0.128451 0.223362
0.524142 0.947773
0.496671 0.973434
0.872440 0.767709
0.257821 0.594841
0.975631 0.402255
0.384343 0.114021
0.699434 0.787256
0.221696 0.432761
0.179379 0.300784
0.837786 0.491396
0.381750 0.439453
0.793534 0.834774
0.622787 0.373487
0.558099 0.848583
0.430818 0.247851
0.547015 0.111278
0.583663 0.772747
0.926744 0.996750
0.351376 0.060204
0.339437 0.777638
0.928753 0.759569
0.351899 0.602121
0.116215 0.417011
0.641914 0.774106
0.522510 0.457574
0.797183 0.933667
0.155955 0.201771
0.649661 0.732932
0.723818 0.628746
0.216040 0.363547
0.081238 0.997903
0.642364 0.172622
0.583747 0.878916
0.317448 0.047138
0.881126 0.481467
0.618604 0.216009
0.476043 0.501954
0.892564 0.581330
0.021045 0.192257
0.053061 0.225966
0.190278 0.813421
0.509660 0.704107
0.290797 0.668090
0.570738 0.654775
0.784154 0.031630
0.120490 0.930915
0.932425 0.420806
0.909894 0.391956
0.786952 0.678402
0.689364 0.818432
0.580687 0.263407
0.634747 0.108021
0.312301 0.020867
0.269403 0.553816
0.365519 0.878954
0.167588 0.095842
0.319355 0.833124
0.579790 0.981484
0.921580 0.325704
0.992487 0.861564
0.156034 0.451876
0.425660 0.130132
0.613460 0.508199
0.201554 0.333188
0.563973 0.612888
0.069958 0.975702
0.671987 0.817040
0.175921 0.919788
0.618824 0.567171
0.950880 0.328446
0.439436 0.920806
0.608652 0.543669
0.798385 0.206856
0.150739 0.939216
0.527558 0.159583
0.866515 0.482218
0.855740 0.327777
0.614210 0.263675
0.404118 0.200909
0.940382 0.138827
0.513807 0.204962
0.157650 0.724470
0.196285 0.053442
0.976049 0.654560
0.464429 0.207649
0.709118 0.495612
0.237831 0.496901
0.080162 0.387737
0.968361 0.167388
0.233615 0.689386
0.752385 0.039925
0.534158 0.319394
0.825905 0.600397
0.068405 0.618700
0.231209 0.071637
0.829352 0.771036
0.278202 0.852139
0.183523 0.250455
0.216740 0.887598
0.380633 0.147755
0.825684 0.157760
0.750733 0.925766
0.970084 0.072153
0.015024 0.498184
0.019999 0.102640
0.975270 0.349642
0.151892 0.076634
0.144519 0.896726
0.525675 0.282723
0.689980 0.592519
0.733118 0.890858
0.656606 0.258340
0.078746 0.198746
0.222131 0.494560
0.882374 0.115802
0.465507 0.381549
0.906671 0.421449
0.006574 0.474764
0.231328 0.914691
0.632168 0.123265
0.405282 0.736205
0.489940 0.352246
0.286438 0.340644
0.609822 0.382394
0.626673 0.331751
0.193470 0.744139
0.094935 0.971891
0.356254 0.221714
0.065476 0.908050
0.275485 0.209176
0.336143 0.673567
0.420147 0.184778
0.833154 0.571537
0.503921 0.843676
0.834681 0.741010
0.991781 0.147756
0.819606 0.173672
0.924751 0.295336
0.635955 0.191521
0.361719 0.708573
0.281673 0.148905
0.930930 0.903888
0.312281 0.915413
0.065450 0.331618
0.057568 0.515853
0.154955 0.850298
0.206205 0.272840
0.942177 0.433568
0.247427 0.233848
0.867842 0.269551
0.743954 0.615119
0.186304 0.108976
0.638655 0.913537
0.028651 0.269971
0.430579 0.966183
0.438922 0.590290
0.829881 0.479365
0.410790 0.797916
0.270222 0.087021
0.710994 0.812337
0.928323 0.625417
0.492442 0.248992
0.930909 0.795066
0.131286 0.081785
0.901083 0.755066
0.984662 0.734741
0.983623 0.178419
0.754411 0.024314
0.945950 0.789484
0.776480 0.321412
0.587440 0.802145
0.575793 0.565324
0.656515 0.669248
0.008483 0.108450
0.925603 0.878430
0.482680 0.993904
0.418809 0.354129
0.259450 0.158150
0.833778 0.231287
0.037774 0.981502
0.634520 0.059142
0.199430 0.924306
0.883597 0.431155
0.206828 0.378757
0.996697 0.812694
0.722918 0.157498
0.479362 0.017941
0.383251 0.849721
0.284730 0.239468
0.639839 0.500693
0.052525 0.201135
0.303788 0.744998
0.719557 0.741956
0.963272 0.228946
0.232579 0.402355
0.780596 0.525294
0.872997 0.378570
0.940130 0.207923
0.582054 0.283898
0.809185 0.153211
0.137417 0.069217
0.662770 0.002144
0.859564 0.817478
0.433508 0.212440
0.032717 0.512554
0.515888 0.444794
0.518166 0.401896
0.753670 0.729465
0.427435 0.730255
0.052861 0.310597
0.280354 0.393249
0.651331 0.028297
0.043345 0.663088
0.685672 0.979830
0.130115 0.323388
0.900413 0.005583
0.199829 0.367004
0.034466 0.103337
0.488745 0.416961
0.499059 0.319910
0.725099 0.717972
0.687666 0.166100
0.988963 0.226339
0.331016 0.934483
0.804042 0.344879
0.194710 0.147106
0.453524 0.590821
0.653887 0.615702
0.484833 0.942337
0.150085 0.823950
0.874727 0.630496
0.804502 0.419711
0.819727 0.852925
0.886821 0.176813
0.534827 0.795032
0.352071 0.680482
0.435069 0.382765
0.570373 0.818928
0.688537 0.030855
0.548304 0.240110
0.953273 0.287761
0.699943 0.384712
0.832308 0.361821
0.270311 0.303857
0.395976 0.379506
0.495760 0.122794
0.664545 0.138301
0.671233 0.920892
0.605223 0.879359
0.140487 0.650775
0.889469 0.395019
0.639117 0.340534
0.656729 0.820957
0.558625 0.688564
0.532879 0.067576
0.697165 0.947912
0.123193 0.959868
0.440125 0.945882
0.303172 0.595432
0.618193 0.394726
0.597625 0.161779
0.842279 0.614022
0.989183 0.554884
0.547130 0.042424
0.545533 0.064149
0.557600 0.285412
0.586118 0.993814
0.408843 0.513479
0.809423 0.199178
0.779803 0.819983
0.262765 0.725058
0.945073 0.097762
0.507802 0.220437
0.100454 0.481988
0.946305 0.156204
0.269979 0.912461
0.626123 0.346622
0.462860 0.685702
0.268551 0.240469
0.933082 0.164479
0.005343 0.183100
0.721370 0.771821
0.961149 0.370081
0.827622 0.073805
0.998106 0.584425
0.092737 0.557224
0.674501 0.231946
0.776648 0.848587
0.931481 0.178274
0.096217 0.783422
0.137956 0.127264
0.558769 0.629858
0.765606 0.014313
0.752130 0.582440
0.086931 0.770252
0.355534 0.160745
0.093226 0.112139
0.607356 0.437032
0.804741 0.746522
0.874698 0.043051
0.122219 0.261612
0.827193 0.217613
0.327081 0.338374
0.642169 0.801333
0.311209 0.892095
0.053486 0.343872
0.124120 0.063748
0.741711 0.114942
0.310206 0.989893
0.313191 0.216382
0.271939 0.607965
0.928106 0.666947
0.688919 0.741858
0.818545 0.649525
0.840006 0.650202
0.631775 0.387488
0.663201 0.602504
0.531974 0.481144
0.974947 0.496832
0.384728 0.504927
0.205801 0.089474
0.864249 0.345477
0.161273 0.739298
0.188669 0.039691
0.278553 0.666034
0.753678 0.818870
0.468065 0.060186
0.479434 0.390294
0.751829 0.065661
0.801037 0.716203
0.425733 0.343781
0.111941 0.074305
0.611237 0.466251
0.189778 0.682168
0.187728 0.093110
0.221630 0.671462
0.810035 0.500558
0.336539 0.825279
0.928758 0.942588
0.624354 0.464133
0.697242 0.011350
0.825242 0.674122
0.952937 0.643059
0.221654 0.220238
0.662705 0.418355
0.806501 0.052652
0.567228 0.728640
0.766037 0.089670
0.837347 0.456705
0.287852 0.958303
0.094581 0.739192
0.793251 0.083896
0.520471 0.382303
0.324894 0.451243
0.014134 0.674338
0.148577 0.669292
0.858070 0.793363
0.148823 0.578437
0.869069 0.013239
0.550469 0.746625
0.997995 0.775580
0.104268 0.084206
0.574396 0.698703
0.965714 0.754986
0.912715 0.527713
0.529133 0.036677
0.655381 0.569872
0.256880 0.495062
0.671488 0.122148
0.768229 0.661167
0.644235 0.282056
0.629799 0.631996
0.487585 0.037344
0.969064 0.292067
0.456422 0.347088
0.917851 0.009699
0.057648 0.828281
0.063390 0.071311
0.214114 0.331575
0.805524 0.921627
0.024144 0.911355
0.891028 0.076509
0.923147 0.728087
0.832244 0.176574
0.982507 0.688266
0.031069 0.599519
0.082944 0.535800
0.843131 0.123430
0.875730 0.286481
0.722427 0.095915
0.746898 0.458149
0.247988 0.505495
0.614506 0.804261
0.995598 0.632113
0.967040 0.644130
0.635417 0.693263
0.359095 0.318771
0.447931 0.456032
0.623771 0.449870
0.019533 0.485066
0.481170 0.458962
0.113551 0.216752
0.613941 0.041898
0.317817 0.978740
0.974849 0.368897
0.984581 0.966881
0.745823 0.780877
0.688348 0.769336
0.323210 0.074744
0.525224 0.182941
0.810786 0.756617
0.942779 0.035310
0.342128 0.471947
0.873660 0.931328
0.820374 0.582578
0.797002 0.465049
0.360669 0.526237
0.221413 0.942319
0.171195 0.623541
0.080052 0.885985
0.722827 0.978653
0.269842 0.495319
0.882646 0.155224
0.741514 0.183829
0.666666 0.940579
0.876395 0.531087
0.038564 0.253987
0.269874 0.423089
0.953253 0.215136
0.814678 0.537606
0.365346 0.866496
0.091399 0.367548
0.571513 0.108555
0.453292 0.296693
0.942073 0.846788
0.125294 0.429453
0.696735 0.432440
0.366145 0.970409
0.178213 0.423568
0.199920 0.713307
0.086794 0.184958
0.024967 0.117532
0.919970 0.121159
0.205580 0.574932
0.103161 0.621490
0.209149 0.301431
0.508472 0.869360
0.637000 0.751304
0.153079 0.035836
0.339131 0.457301
0.208063 0.412410
0.139960 0.431966
0.297946 0.392083
0.379105 0.056127
0.183439 0.962674
0.905099 0.920200
0.458994 0.051297
0.897152 0.167970
0.038245 0.306697
0.186374 0.523304
0.233385 0.630015
0.535510 0.542451
0.333875 0.087112
0.242460 0.157817
0.547298 0.268866
0.916823 0.911286
0.634936 0.787451
0.575437 0.217574
0.698345 0.632287
0.218101 0.866549
0.449162 0.988178
0.421761 0.813146
0.518105 0.916556
0.386308 0.277812
0.960465 0.447031
0.233350 0.229232
0.260771 0.710425
0.788484 0.449312
0.788892 0.493751
0.776110 0.502407
0.693529 0.467757
0.270068 0.696169
0.655332 0.405815
0.020843 0.960102
0.361630 0.783971
0.209261 0.820816
0.376388 0.581898
0.477284 0.115528
0.245001 0.205788
0.082894 0.018634
0.962241 0.660326
0.497425 0.856460
0.387657 0.004463
0.085822 0.417079
0.885594 0.943730
0.499601 0.938031
0.461639 0.244692
0.524816 0.303606
0.796601 0.026946
0.465002 0.966462
0.557761 0.781913
0.471625 0.866649
0.488150 0.281448
0.479278 0.189016
0.003600 0.934785
0.513190 0.373101
0.826513 0.203252
0.556811 0.887795
0.572664 0.359467
0.937420 0.010206
0.694109 0.333277
0.026264 0.076313
0.538023 0.457330
0.688103 0.082231
0.167315 0.135295
0.540066 0.903862
0.349312 0.413307
0.558818 0.100273
0.699768 0.504799
0.211684 0.912319
0.130734 0.837336
0.975518 0.442345
0.856076 0.735143
0.124809 0.339889
0.431149 0.397638
0.497722 0.007094
0.053018 0.026449
0.266286 0.394074
0.761685 0.789222
0.115775 0.583512
0.470326 0.367461
0.713800 0.939850
0.218664 0.260986
0.432569 0.162252
0.382511 0.597118
0.109903 0.360422
0.658206 0.124729
0.567360 0.670001
0.317147 0.801837
0.434968 0.119109
0.800684 0.584503
0.717417 0.192642
0.394847 0.896170
0.010752 0.630294
0.384229 0.374906
0.588276 0.338276
0.020586 0.815804
0.728875 0.061232
0.388599 0.514981
0.020444 0.589440
0.408946 0.310456
0.556101 0.541338
0.634665 0.487019
0.111259 0.487961
0.975042 0.016654
0.974802 0.388870
0.059682 0.215920
0.537603 0.712792
0.618120 0.067765
0.291449 0.609029
0.555144 0.336027
0.650373 0.042544
0.407057 0.546357
0.987867 0.951354
0.039411 0.235473
0.181276 0.139052
0.161222 0.886881
0.649545 0.632449
0.499117 0.894489
0.730625 0.611198
0.663878 0.707267
0.789730 0.508060
0.283572 0.582417
0.171469 0.720839
0.500559 0.342422
0.196465 0.076483
0.368215 0.026332
0.938456 0.506903
0.698974 0.697276
0.772968 0.348358
0.832576 0.408669
0.897179 0.321962
0.180183 0.768695
0.160587 0.436313
0.684963 0.454738
0.435209 0.183602
0.246240 0.219741
0.025520 0.628105
0.547874 0.391537
0.469736 0.517912
0.412080 0.530880
0.206630 0.749813
0.481555 0.210619
0.007806 0.317816
0.302000 0.310619
0.643431 0.312463
0.310285 0.005506
0.889622 0.651707
0.916819 0.762233
0.809155 0.264983
0.602974 0.397169
0.199015 0.968279
0.674245 0.590356
0.082230 0.972120
0.080092 0.579764
0.433540 0.040504
0.314094 0.747326
0.340674 0.981015
0.079714 0.052773
0.034384 0.383288
0.522965 0.789924
0.180949 0.988797
0.817723 0.550072
0.438936 0.224862
0.649356 0.904522
0.947112 0.677706
0.940114 0.725013
0.602669 0.369393
0.793529 0.277973
0.081378 0.918130
0.491073 0.467738
0.316413 0.718522
0.855687 0.296694
0.735818 0.942522
0.430283 0.636156
0.241121 0.309208
0.767960 0.899954
0.053295 0.721439
0.156651 0.477715
0.342341 0.210088
0.079101 0.096775
0.326826 0.325584
0.884272 0.881344
0.214999 0.806951
0.862538 0.909674
0.021082 0.454578
0.348151 0.098473
0.072940 0.125942
0.143339 0.046124
0.041291 0.773371
0.095732 0.680019
0.120756 0.004925
0.808128 0.231402
0.778411 0.089816
0.725018 0.422004
0.521674 0.511517
0.417078 0.502462
0.501067 0.628582
0.128563 0.823667
0.017988 0.845818
0.322108 0.163967
0.289608 0.051651
0.528892 0.123277
0.853226 0.679175
0.822767 0.284069
0.837680 0.941619
0.039466 0.201296
0.931660 0.746217
0.852239 0.533047
0.348121 0.788949
0.661603 0.740048
0.511995 0.237903
0.057786 0.186039
0.257224 0.267977
0.108707 0.116700
0.845973 0.352361
0.341418 0.317884
0.281911 0.226411
0.556301 0.470404
0.478486 0.574585
0.102837 0.727492
0.860314 0.122917
0.938112 0.634426
0.682599 0.953814
0.573890 0.900142
0.591575 0.174399
0.591021 0.465488
0.764132 0.980044
0.402882 0.773640
0.578255 0.410892
0.670995 0.556315
0.811677 0.568471
0.393473 0.360281
0.681993 0.344408
0.702367 0.879396
0.647159 0.677433
0.176438 0.368852
0.657968 0.338891
0.622824 0.169484
0.288716 0.527941
0.156039 0.804057
0.349668 0.173668
0.015459 0.524836
0.199389 0.730990
0.640757 0.410298
0.266854 0.331632
0.618151 0.682038
0.653780 0.750776
0.311617 0.665779
0.654728 0.093551
0.502640 0.589328
0.360046 0.104296
0.957443 0.097125
0.820366 0.488444
0.721463 0.071239
0.962850 0.885273
0.444136 0.482372
0.001317 0.888797
0.484631 0.910686
0.960284 0.678558
0.016707 0.153327
0.333196 0.860340
0.369921 0.985493
0.826978 0.805470
0.976952 0.127809
0.121095 0.032557
0.031352 0.159117
0.292355 0.366514
0.008061 0.598061
0.882064 0.820808
0.391270 0.249281
0.548771 0.699782
0.573830 0.523729
0.619707 0.992315
0.660057 0.912991
0.282675 0.822597
0.084910 0.933133
0.609820 0.309527
0.911409 0.478890
0.671403 0.322099
0.828199 0.981239
0.879232 0.445264
0.207023 0.857376
0.844880 0.038052
0.576448 0.392460
0.520708 0.664695
0.195931 0.593057
0.588477 0.231503
0.258512 0.282360
0.098634 0.535813
0.523023 0.885133
0.896578 0.568790
0.211698 0.462350
0.346622 0.757873
0.253249 0.630257
0.142869 0.814828
0.581620 0.090664
0.727545 0.932582
0.446063 0.396568
0.716002 0.570286
0.127015 0.651728
0.509240 0.733216
0.380655 0.296665
0.239505 0.329607
0.159527 0.189257
0.146652 0.692761
0.371929 0.281782
0.685226 0.125732
0.753974 0.768953
0.042170 0.931743
0.122378 0.795074
0.702375 0.847302
0.541958 0.157626
0.575703 0.017183
0.242495 0.466139
0.428765 0.928895
0.450197 0.858639
0.434082 0.688334
0.610562 0.705520
0.551803 0.313712
0.509385 0.930678
0.089644 0.210978
0.803695 0.637724
0.946563 0.080137
0.229574 0.122367
0.231966 0.532419
0.087132 0.809076
0.716124 0.083634
0.375487 0.998995
0.565630 0.344996
0.107159 0.746337
0.464638 0.827370
0.920187 0.376302
0.610605 0.026356
0.498185 0.236899
0.994852 0.170651
0.792316 0.704593
0.482550 0.788335
0.717029 0.674950
0.807719 0.246873
0.487394 0.698603
0.048299 0.278176
0.760280 0.560629
0.300756 0.188779
0.672470 0.861746
0.098378 0.412365
0.414159 0.333076
0.853922 0.433907
0.167017 0.578579
0.691497 0.532060
0.192074 0.573017
0.776478 0.888802
0.875465 0.229695
0.167565 0.964618
0.244395 0.114311
0.399256 0.978090
0.183768 0.001644
0.599839 0.052444
0.800568 0.871667
0.813234 0.863628
0.996490 0.676960
0.561307 0.873237
0.892022 0.834520
0.631383 0.983525
0.891443 0.623481
0.635465 0.227200
0.755343 0.349811
0.683174 0.546780
0.844181 0.707437
0.294692 0.446036
0.149766 0.543777
0.897228 0.793249
0.311908 0.268682
0.778368 0.802106
0.082338 0.723803
0.612615 0.102733
0.908551 0.452343
0.596006 0.041292
0.047945 0.360615
0.299873 0.377587
0.698937 0.286324
0.744407 0.378508
0.516395 0.271329
0.693620 0.226525
0.463394 0.006849
0.248627 0.839005
0.113436 0.439539
0.002563 0.508923
0.441007 0.436186
0.535306 0.174696
0.349359 0.914141
0.553970 0.825921
0.921688 0.822613
0.472763 0.283994
0.670083 0.252652
0.784594 0.903864
0.976761 0.207770
0.099879 0.319236
0.113454 0.201639
0.112899 0.912154
0.895788 0.383988
0.400156 0.270700
0.838398 0.372361
0.065316 0.439815
0.110845 0.892107
0.489713 0.621315
0.028192 0.050783
0.882596 0.404880
0.573202 0.918441
0.058201 0.530325
0.874743 0.830642
0.581714 0.438184
0.387012 0.454563
0.938101 0.983622
0.197599 0.228710
0.981465 0.667468
0.650302 0.189612
0.179365 0.654666
0.192492 0.432821
0.407892 0.168465
0.221592 0.992279
0.493924 0.921964
0.361204 0.627760
0.805606 0.609167
0.726915 0.798789
0.985529 0.193939
0.372095 0.803709
0.262073 0.213639
0.175788 0.085056
0.438893 0.760574
0.242337 0.977997
0.105160 0.689080
0.013545 0.872424
0.868026 0.563472
0.580917 0.832417
0.208955 0.188965
0.004901 0.856967
0.681764 0.666181
0.247563 0.031114
0.763529 0.851814
0.732703 0.676706
0.969669 0.279227
0.270321 0.841175
0.159751 0.391932
0.568887 0.073873
0.502504 0.170588
0.601289 0.642059
0.418022 0.688661
0.302372 0.484050
0.200648 0.398848
0.812976 0.595810
0.901257 0.503799
0.270910 0.465855
0.043304 0.072600
0.369738 0.899251
0.466758 0.426183
0.696906 0.899907
0.278337 0.920346
0.023567 0.769273
0.420547 0.895734
0.025490 0.026414
0.749191 0.098012
0.547504 0.682121
0.866551 0.537752
0.147963 0.864256
0.527453 0.622301
0.966089 0.322369
0.860387 0.830922
0.708992 0.537043
0.336528 0.407665
0.188734 0.161073
0.728244 0.189207
0.673378 0.695764
0.461868 0.130547
0.303825 0.622948
0.897522 0.868361
0.645960 0.601994
0.103354 0.705529
0.439427 0.344269
0.512160 0.633841
0.604841 0.067411
0.108889 0.867440
0.352843 0.400648
0.893023 0.472889
0.076078 0.065401
0.621655 0.134290
0.400344 0.119304
0.427202 0.320462
0.183396 0.123128
0.319125 0.780503
0.315283 0.231576
0.766023 0.139987
0.602846 0.991684
0.837022 0.296713
0.106602 0.305776
0.828408 0.966805
0.468160 0.271114
0.057262 0.690875
0.136663 0.018279
0.988099 0.647346
0.917160 0.710457
0.927901 0.920441
0.355771 0.991393
0.535310 0.419890
0.304460 0.694110
0.794715 0.763768
0.727729 0.852798
0.663057 0.481569
0.274112 0.343836
0.583406 0.452778
0.665503 0.191089
0.891079 0.452746
0.107450 0.061058
0.895713 0.935405
0.349618 0.389151
0.247840 0.874328
0.619134 0.053460
0.104766 0.264525
0.065546 0.569016
0.601948 0.612384
0.069699 0.795516
0.399776 0.819817
0.488753 0.597606
0.894800 0.202236
0.180636 0.027734
0.809666 0.661678
0.340587 0.303364
0.872709 0.869451
0.368022 0.695824
0.171128 0.806473
0.354391 0.771640
0.905698 0.847756
0.101987 0.100245
0.867041 0.149434
0.047525 0.951972
0.476209 0.174567
0.982046 0.631107
0.023277 0.858403
0.277410 0.360310
0.969431 0.907828
0.617400 0.919853
0.330194 0.514686
0.510971 0.079405
0.771176 0.721676
0.874761 0.608031
0.288135 0.194091
0.188628 0.778368
0.495628 0.149059
0.617735 0.820528
0.483451 0.967406
0.311475 0.568393
0.568338 0.377692
0.663481 0.798728
0.768585 0.956988
0.735082 0.566850
0.416064 0.490567
0.330341 0.905917
0.923096 0.245722
0.751231 0.389858
0.223654 0.018690
0.006000 0.687544
0.512931 0.037652
0.291461 0.206599
0.362740 0.639682
0.968515 0.618621
0.784769 0.264449
0.973810 0.678394
0.020507 0.829911
0.832294 0.623302
0.888332 0.713070
0.165273 0.346502
0.074650 0.266731
0.531815 0.872644
0.447383 0.408649
0.898287 0.437000
0.179096 0.821599
0.513605 0.979171
0.078869 0.475010
0.955755 0.801205
0.561895 0.040035
0.996616 0.697747
0.736133 0.001832
0.050635 0.895716
0.295316 0.681035
0.839922 0.586245
0.674549 0.886480
0.326194 0.015013
0.071780 0.041031
0.895251 0.290993
0.999609 0.293417
0.977269 0.722529
0.834997 0.873299
0.326122 0.469941
0.783454 0.757025
0.781053 0.249192
0.409171 0.042514
0.882001 0.556076
0.161655 0.519359
0.849612 0.936144
0.236636 0.439426
0.065145 0.296568
0.862608 0.774161
0.616302 0.905837
0.376372 0.133765
0.362216 0.451013
0.057750 0.968426
0.079804 0.666853
0.539232 0.517424
0.659989 0.878147
0.541283 0.624353
0.305963 0.108238
0.267010 0.147945
0.776664 0.834922
0.211623 0.050377
0.186362 0.976641
0.166842 0.380346
0.289113 0.594310
0.769688 0.428129
0.063640 0.389745
0.276382 0.753889
0.015611 0.801555
0.020119 0.087364
0.441364 0.664475
0.968424 0.715138
0.187577 0.755394
0.405595 0.182315
0.803690 0.512676
0.205583 0.643884
0.590770 0.374810
0.907846 0.563767
0.044913 0.546135
0.188020 0.854729
0.789338 0.351172
0.896982 0.305254
0.534145 0.142655
0.546292 0.839153
0.254398 0.454761
0.877407 0.184613
0.476190 0.679820
0.953241 0.407725
0.037781 0.287381
0.290087 0.178620
0.790333 0.336967
0.369930 0.323277
0.298525 0.790525
0.010041 0.201853
0.162768 0.543089
0.522020 0.048558
0.469536 0.916151
0.388090 0.215147
0.944618 0.830142
0.893243 0.895249
0.607261 0.274414
0.416558 0.703340
0.013786 0.949733
0.377129 0.266800
0.620695 0.758803
0.574553 0.329811
0.980966 0.468581
0.555522 0.455801
0.636376 0.044638
0.976003 0.051655
0.942195 0.268121
0.687678 0.643263
0.116183 0.508040
0.431982 0.552557
0.609701 0.667299
0.724082 0.580320
0.186474 0.463287
0.739330 0.251510
0.200191 0.903670
0.827055 0.001415
0.957156 0.202549
0.589974 0.548925
0.338583 0.957979
0.075608 0.709451
0.875405 0.914357
0.056066 0.237412
0.022177 0.785563
0.316017 0.767183
0.668786 0.349732
0.360207 0.069541
0.771679 0.361200
0.110324 0.387911
0.688484 0.799978
0.853344 0.866125
0.964872 0.486445
0.770985 0.290848
0.936036 0.324476
0.496244 0.953791
0.598575 0.911663
0.709192 0.308435
0.365059 0.173769
0.979013 0.236576
0.735790 0.966100
0.473451 0.593412
0.562821 0.013102
0.875328 0.243141
0.407217 0.378297
0.103417 0.811563
0.231318 0.975670
0.991898 0.912502
0.858560 0.063764
0.415564 0.122503
0.183158 0.450251
0.427594 0.998815
0.870337 0.331627
0.360939 0.574876
0.287689 0.461550
0.885599 0.678179
0.080810 0.253285
0.545340 0.125206
0.104490 0.426346
0.308967 0.362619
0.207940 0.003306
0.764777 0.279588
0.806813 0.810979
0.352456 0.036749
0.026514 0.238516
0.524909 0.824325
0.801193 0.477157
0.431198 0.286637
0.199866 0.770618
0.955277 0.747815
0.333161 0.543331
0.340481 0.001164
0.595107 0.261682
0.682481 0.939555
0.782073 0.601355
0.252366 0.337170
0.599371 0.532467
0.913794 0.870475
0.025397 0.288882
0.640381 0.368659
0.573334 0.716051
0.629589 0.272322
0.315226 0.820290
0.239044 0.452137
0.624302 0.081405
0.584220 0.535480
0.783185 0.369145
0.071081 0.027352
0.861042 0.574796
0.098778 0.246165
0.233220 0.740161
0.805926 0.731559
0.823984 0.757668
0.832029 0.845164
0.188689 0.015306
0.753270 0.801891
0.570704 0.539117
0.837486 0.328838
0.368570 0.933645
0.357942 0.463338
0.858027 0.967011
0.355092 0.024272
0.186307 0.722554
0.615883 0.977769
0.749920 0.754670
0.277707 0.097375
0.744723 0.328778
0.880082 0.202279
0.199795 0.119398
0.965887 0.870290
0.392656 0.040051
0.172126 0.168340
0.714109 0.654512
0.015872 0.610225
0.807629 0.278584
0.113530 0.853884
0.960356 0.020398
0.710765 0.995071
0.252774 0.777935
0.795853 0.293365
0.497283 0.782389
0.103876 0.826666
0.619411 0.779069
0.083292 0.632149
0.868383 0.029621
0.353237 0.693926
0.991034 0.211754
0.057622 0.604233
0.237214 0.103849
0.374263 0.717114
0.792885 0.733356
0.995247 0.663411
0.835027 0.281635
0.340899 0.638331
0.088347 0.038174
0.361327 0.118184
0.732607 0.148932
0.445194 0.728130
0.410733 0.105372
0.442010 0.783168
0.927650 0.442996
0.561397 0.425927
0.224051 0.522083
0.805722 0.108059
0.431472 0.742048
0.497102 0.819894
0.296203 0.326570
0.165894 0.224766
0.033923 0.365024
0.227982 0.587026
0.874132 0.361839
0.810514 0.462202
0.930956 0.860591
0.100739 0.146067
0.579096 0.790661
0.029002 0.415393
0.250394 0.016070
0.941721 0.342681
0.003198 0.617168
0.253204 0.668516
0.756872 0.080093
0.451985 0.944189
0.347044 0.447742
0.131870 0.506879
0.382527 0.948338
0.731886 0.877739
0.253550 0.473719
0.819870 0.836046
0.043520 0.114790
0.725773 0.661889
0.739250 0.285044
0.022420 0.253659
0.098664 0.634868
0.204257 0.438635
0.378772 0.670363
0.792082 0.525519
0.618503 0.190495
0.184659 0.668013
0.800266 0.994851
0.571367 0.472575
0.877448 0.955760
0.465251 0.459487
0.516363 0.344333
0.412387 0.247589
0.299062 0.887613
0.249137 0.434643
0.416432 0.880768
0.025689 0.890416
0.962523 0.155864
0.031307 0.530895
0.661045 0.108508
0.790280 0.688538
0.511526 0.012412
0.259597 0.566784
0.656843 0.928478
0.584051 0.516016
0.714891 0.754554
0.059856 0.456739
0.487476 0.753523
0.027790 0.726404
0.684875 0.418320
0.363457 0.004370
0.011033 0.240947
0.334348 0.102968
0.797913 0.823615
0.914959 0.575920
0.026069 0.927921
0.110427 0.523298
0.403443 0.884745
0.994396 0.454861
0.912918 0.407782
0.551337 0.404326
0.915587 0.626447
0.175954 0.356945
0.131645 0.807112
0.213788 0.834580
0.472897 0.029621
0.975720 0.306262
0.645617 0.834304
0.776418 0.863040
0.100037 0.220644
0.349373 0.198157
0.010765 0.287933
0.033626 0.132114
0.652844 0.451263
0.168744 0.763168
0.408209 0.565722
0.420381 0.030734
0.190011 0.492652
0.531702 0.562082
0.759937 0.886218
0.340968 0.048923
0.206996 0.489973
0.182794 0.212001
0.301912 0.456984
0.804610 0.401333
0.306979 0.289291
0.790642 0.309968
0.768498 0.585814
0.318312 0.440245
0.568677 0.089969
0.221347 0.482003
0.197292 0.993923
0.855296 0.595727
0.787700 0.660362
0.049478 0.939223
0.886800 0.638300
0.702249 0.564855
0.595846 0.312416
0.982891 0.929008
0.665034 0.495434
0.330955 0.947151
0.739694 0.074419
0.320196 0.484869
0.026544 0.561446
0.435696 0.816793
0.942360 0.052799
0.885080 0.862170
0.771963 0.765365
0.152591 0.294193
0.386441 0.987743
0.676055 0.466779
0.875220 0.094020
0.864993 0.517502
0.482366 0.819651
0.550547 0.167749
0.636029 0.076372
0.548290 0.094231
0.730833 0.552604
0.390288 0.555991
0.667951 0.396910
0.750830 0.428001
0.306274 0.344821
0.981652 0.577690
0.463719 0.303248
0.986778 0.041169
0.967948 0.798404
0.460015 0.035910
0.219559 0.745656
0.179592 0.618533
0.573807 0.292920
0.537797 0.087383
0.585665 0.202215
0.566045 0.406726
0.700083 0.963658
0.093443 0.069038
0.735244 0.086603
0.729499 0.240982
0.164078 0.466422
0.393394 0.840329
0.811440 0.293691
0.213316 0.387936
0.811423 0.680796
0.162604 0.605893
0.272337 0.594851
0.398284 0.805160
0.995924 0.713991
0.357495 0.893702
0.645484 0.875651
0.892781 0.124648
0.330752 0.292660
0.584282 0.157874
0.970961 0.701080
0.254210 0.794316
0.498597 0.505660
0.549439 0.485890
0.371622 0.067639
0.471353 0.757425
0.854172 0.886030
0.499869 0.537768
0.761142 0.869332
0.293605 0.864522
0.331304 0.696866
0.344158 0.267751
0.260101 0.381582
0.279496 0.705262
0.908027 0.335838
0.707049 0.471013
0.199506 0.319219
0.956145 0.034718
0.926332 0.051277
0.563260 0.160662
0.784588 0.205957
0.586570 0.245928
0.398868 0.925229
0.277727 0.511317
0.019631 0.390102
0.787136 0.422996
0.818309 0.305436
0.369984 0.124506
0.880526 0.899677
0.481028 0.737669
0.968910 0.181112
0.256589 0.134457
0.137791 0.383001
0.226744 0.760635
0.002620 0.131191
0.079545 0.515636
0.262111 0.880401
0.157548 0.062326
0.905762 0.087110
0.448284 0.236366
0.345102 0.859105
0.348117 0.120014
0.844526 0.265481
0.506126 0.305952
0.977075 0.545950
0.418581 0.949901
0.242233 0.518963
0.946247 0.460768
0.990626 0.309921
0.038504 0.917908
0.842904 0.833606
0.474908 0.299873
0.364953 0.473883
0.920506 0.694970
0.168882 0.038972
0.317109 0.192576
0.511361 0.952082
0.953626 0.143573
0.050167 0.088759
0.533255 0.001770
0.046558 0.128101
0.568128 0.575065
0.281097 0.741266
0.318629 0.959125
0.124292 0.665623
0.079820 0.372572
0.417515 0.433268
0.783484 0.788518
0.524601 0.573794
0.602327 0.249573
0.316683 0.418578
0.870725 0.808828
0.517943 0.744998
0.084264 0.135280
0.606540 0.216621
0.264686 0.933333
0.062250 0.739390
0.816648 0.994576
0.560280 0.900902
0.378038 0.610136
0.991616 0.594003
0.459148 0.621955
0.964915 0.631291
0.425948 0.851532
0.060848 0.134880
0.075036 0.314882
0.107499 0.344890
0.215615 0.077917
0.477316 0.145747
0.932780 0.378115
0.570322 0.458119
0.898333 0.099959
0.444462 0.844179
0.540989 0.892354
0.826319 0.504201
0.349327 0.515394
0.291183 0.085645
0.168930 0.897502
0.038891 0.187267
0.400413 0.443557
0.562503 0.120790
0.885713 0.492987
0.098491 0.467423
0.923340 0.806768
0.008323 0.457077
0.376625 0.922104
0.843913 0.311350
0.142330 0.284020
0.571357 0.970430
0.719748 0.460553
0.422371 0.409625
0.267540 0.167098
0.034966 0.785458
0.253068 0.548386
0.178630 0.595050
0.790388 0.887834
0.040298 0.168399
0.395547 0.333727
0.026195 0.344901
0.690293 0.998126
0.244967 0.744469
0.791039 0.159659
0.424744 0.050489
0.114226 0.607551
0.690560 0.206900
0.035700 0.584529
0.144345 0.783669
0.517827 0.760365
0.760792 0.912715
0.716756 0.349991
0.557745 0.585605
0.002715 0.008698
0.203692 0.533177
0.823788 0.562753
0.604244 0.126891
0.768260 0.533215
0.134382 0.416108
0.521761 0.227579
0.629685 0.288127
0.457448 0.333222
0.421165 0.791497
0.641190 0.817896
0.224422 0.032977
0.445744 0.028072
0.250092 0.531077
0.718226 0.375459
0.590804 0.324267
0.000125 0.378241
0.091964 0.835173
0.074628 0.754954
0.414763 0.921791
0.851469 0.897956
0.030380 0.970435
0.267806 0.107036
0.390645 0.792648
0.464323 0.575906
0.982035 0.797169
0.742492 0.794854
0.117691 0.320720
0.796092 0.980201
0.398408 0.091049
0.094153 0.200016
0.477163 0.545549
0.562524 0.707675
0.161490 0.695559
0.836061 0.396672
0.997405 0.757298
0.515257 0.531416
0.127652 0.238317
0.894500 0.700702
0.465506 0.812457
0.280343 0.475392
0.424265 0.106918
0.325057 0.847225
0.815933 0.709154
0.734966 0.692991
0.010664 0.030843
0.136312 0.268705
0.466879 0.738766
0.728567 0.866184
0.883789 0.216032
0.429495 0.775908
0.211614 0.718440
0.276389 0.884409
0.314834 0.511771
0.515969 0.061421
0.838115 0.925470
0.369901 0.235830
0.280324 0.076369
0.662052 0.049674
0.169337 0.453454
0.742897 0.859834
0.778886 0.698325
0.271340 0.896578
0.680000 0.576973
0.357841 0.805361
0.641668 0.890372
0.782810 0.184859
0.517762 0.615208
0.909448 0.811650
0.868644 0.727152
0.773985 0.736455
0.532187 0.756448
0.298159 0.917885
0.910863 0.288785
0.902677 0.348283
0.054840 0.172987
0.650688 0.942342
0.345030 0.285075
0.799561 0.554223
0.705039 0.219532
0.662781 0.527051
0.709542 0.361729
0.132928 0.251431
0.151639 0.336395
0.444446 0.546935
0.762446 0.206077
0.599075 0.514723
0.174904 0.061240
0.471020 0.075048
0.708192 0.524017
0.263274 0.743409
0.369473 0.431413
0.189592 0.705722
0.246127 0.579526
0.450153 0.382457
0.030387 0.804223
0.383686 0.490898
0.546522 0.728446
0.304158 0.778068
0.175540 0.932887
0.552321 0.965288
0.758422 0.619029
0.711487 0.258163
0.141057 0.467336
0.750239 0.988267
0.120601 0.619902
0.513668 0.852821
0.425839 0.307594
0.565004 0.485975
0.254878 0.863648
0.581433 0.739281
0.115716 0.284864
0.784146 0.102992
0.889139 0.016939
0.741157 0.019609
0.306777 0.970821
0.147942 0.883240
0.687484 0.238357
0.598174 0.852810
0.618183 0.791728
0.825092 0.090056
0.642841 0.261671
0.447763 0.253197
0.059938 0.148929
0.195577 0.951720
0.693412 0.518592
0.793994 0.388343
0.814151 0.215676
0.077948 0.738119
0.603952 0.682002
0.491870 0.608769
0.055431 0.472671
0.980075 0.085077
0.284384 0.017488
0.696266 0.414927
0.849000 0.561523
0.500249 0.711652
0.207128 0.549094
0.264525 0.659266
0.603199 0.476612
0.443399 0.626736
0.568010 0.190824
0.393940 0.959037
0.932766 0.101861
0.819508 0.692529
0.321719 0.000026
0.477120 0.130514
0.237912 0.886781
0.821659 0.892249
0.731178 0.908516
0.375961 0.043858
0.592861 0.082235
0.468085 0.354779
0.200746 0.017729
0.842946 0.251303
0.105200 0.648612
0.630277 0.306370
0.698847 0.451087
0.013859 0.723717
0.959274 0.257416
0.910414 0.681106
0.904905 0.982891
0.235143 0.560343
0.737046 0.629996
0.955149 0.833811
0.222690 0.553455
0.614050 0.891381
0.235989 0.616142
0.501298 0.403658
0.252512 0.245082
0.323945 0.611133
0.499723 0.909957
0.283847 0.379117
0.119336 0.697863
0.996345 0.874979
0.429140 0.839593
0.824195 0.923833
0.700879 0.400173
0.453805 0.442015
0.958222 0.496656
0.943542 0.758254
0.800976 0.795258
0.433372 0.417424
0.855363 0.218544
0.711085 0.415286
0.709502 0.779193
0.168540 0.993350
0.499997 0.560475
0.589174 0.711051
0.146821 0.241601
0.265230 0.010831
0.650198 0.698072
0.790983 0.405368
0.506385 0.802323
0.071128 0.990414
0.731210 0.404291
0.991965 0.844576
0.941433 0.806577
0.558444 0.063685
0.774584 0.997037
0.296018 0.019198
0.824981 0.382519
0.740206 0.211107
0.818496 0.338566
0.098780 0.760874
0.793537 0.862918
0.239810 0.593301
0.481879 0.513866
0.789557 0.144213
0.262191 0.958835
0.325565 0.753441
0.617747 0.297645
0.651663 0.955076
0.016301 0.696483
0.927231 0.150525
0.487405 0.053725
0.721876 0.312068
0.964982 0.513362
0.493719 0.985113
0.014405 0.406821
0.906858 0.125938
0.406650 0.137101
0.237962 0.190864
0.795907 0.256243
0.959324 0.986626
0.522168 0.138844
0.321221 0.376457
0.674276 0.750801
0.681312 0.849639
0.859767 0.359573
0.259251 0.903812
0.964774 0.843474
0.582532 0.667762
0.869614 0.314340
0.467722 0.193334
0.080790 0.954890
0.870252 0.407912
0.823528 0.467982
0.303102 0.711333
0.650439 0.012652
0.341267 0.716950
0.449534 0.611403
0.713514 0.208055
0.172113 0.405900
0.122745 0.355695
0.675832 0.799544
0.869779 0.255408
0.972730 0.261949
0.207639 0.604787
0.228586 0.385950
0.257433 0.296014
0.008832 0.785665
0.506843 0.883169
0.866808 0.711560
0.122902 0.974159
0.690601 0.870541
0.136306 0.873363
0.424071 0.540052
0.065368 0.923703
0.497254 0.076897
0.172549 0.747013
0.630521 0.653551
0.939742 0.687471
0.378745 0.473579
0.719750 0.916767
0.846155 0.963463
0.908353 0.224633
0.909133 0.139628
0.613107 0.284581
0.147493 0.258093
0.891724 0.665363
0.045761 0.577432
0.346955 0.530009
0.603824 0.233347
0.069813 0.646942
0.226344 0.341370
0.920173 0.232494
0.056892 0.864999
0.477213 0.624320
0.613141 0.936718
0.585063 0.908608
0.639887 0.095234
0.962897 0.858999
0.071043 0.401901
0.170976 0.835491
0.574095 0.310636
0.266483 0.773637
0.064316 0.633467
0.763843 0.695397
0.014352 0.338152
0.997968 0.193650
0.997584 0.095676
0.001143 0.545257
0.436452 0.007276
0.965534 0.572893
0.245715 0.255108
0.429631 0.432855
0.126210 0.521597
0.862194 0.875609
0.289318 0.880311
0.777567 0.151648
0.383784 0.090866
0.154195 0.646575
0.953422 0.768397
0.388252 0.066189
0.579703 0.492383
0.291203 0.988928
0.881848 0.308072
0.658804 0.891729
0.354647 0.250594
0.250010 0.758883
0.278002 0.632937
0.892864 0.226663
0.970735 0.737760
0.337267 0.745715
0.432360 0.873778
0.955969 0.561537
0.441765 0.292021
0.534976 0.688324
0.507551 0.965477
0.653676 0.273379
0.281043 0.933660
0.984202 0.059457
0.046637 0.677901
0.556451 0.557587
0.211986 0.507911
0.723815 0.110901
0.404181 0.322321
0.067434 0.723983
0.736446 0.102753
0.105286 0.375680
0.867667 0.461896
0.913929 0.781182
0.302057 0.092903
0.451253 0.467591
0.326701 0.919993
0.724609 0.285583
0.868026 0.590178
0.812450 0.980625
0.629745 0.900623
0.612919 0.965592
0.627460 0.607386
0.509524 0.330044
0.045182 0.144720
0.381891 0.420266
0.053751 0.649319
0.495924 0.797418
0.190240 0.536833
0.092720 0.987437
0.152619 0.836587
0.624373 0.591212
0.720441 0.693875
0.752344 0.968658
0.815286 0.800038
0.130441 0.587371
0.167839 0.208666
0.990615 0.567673
0.540143 0.988240
0.128231 0.890227
0.732284 0.433243
0.293285 0.035021
0.932813 0.254150
0.278951 0.172119
0.091530 0.260524
0.535461 0.444178
0.739130 0.036480
0.155956 0.951755
0.458448 0.019903
0.305023 0.499873
0.457988 0.979217
0.629879 0.420382
0.449550 0.424762
0.346849 0.665208
0.696493 0.859097
0.068823 0.245785
0.161518 0.015672
0.053638 0.485944
0.391258 0.077823
0.969701 0.103134
0.870835 0.693902
0.739637 0.416272
0.899826 0.272245
0.339304 0.019177
0.649154 0.079705
0.244271 0.127980
0.902595 0.656838
0.192614 0.355748
0.509515 0.025139
0.712426 0.795409
0.069244 0.872148
0.096133 0.940241
0.238049 0.666391
0.822124 0.437127
0.065037 0.492792
0.615924 0.248744
0.641772 0.926715
0.381027 0.874116
0.459244 0.758674
0.917254 0.108189
0.226663 0.471135
0.766794 0.753322
0.834935 0.953656
0.468177 0.256665
0.850843 0.809081
0.095887 0.053335
0.651748 0.785542
0.902011 0.153070
0.703539 0.161771
0.839712 0.726084
0.771065 0.237296
0.751221 0.833280
0.624700 0.480005
0.344697 0.886523
0.560083 0.922024
0.846721 0.059156
0.119664 0.151612
0.744273 0.310342
0.450215 0.880640
0.328487 0.055110
0.868691 0.680060
0.726723 0.209718
0.050790 0.049614
0.879356 0.800492
0.273165 0.195342
0.267081 0.861406
0.006200 0.440020
0.773952 0.219421
0.007542 0.659515
0.210989 0.622955
0.407144 0.425955
0.534600 0.396145
0.052392 0.103562
0.134845 0.113550
0.355378 0.236069
0.403508 0.026679
0.209649 0.794223
0.507263 0.492295
0.925487 0.524861
0.572061 0.553877
0.740581 0.813190
0.843334 0.469958
0.185769 0.411593
0.823098 0.738263
0.989887 0.827524
0.000195 0.954438
0.433918 0.453419
0.111827 0.252975
0.757492 0.263386
0.862791 0.418156
0.141671 0.201455
0.195813 0.507036
0.736546 0.513165
0.080250 0.276936
0.659191 0.293496
0.692817 0.575741
0.099361 0.919691
0.726552 0.026281
0.623659 0.525328
0.432750 0.021796
0.726582 0.010629
0.041191 0.323138
0.677992 0.605417
0.987267 0.104927
0.856298 0.177781
0.542953 0.281327
0.948436 0.358848
0.926515 0.064751
0.945496 0.907499
0.921199 0.969796
0.555683 0.356437
0.302083 0.422273
0.251919 0.059499
0.879876 0.589124
0.415185 0.234163
0.124703 0.493168
0.407849 0.724842
0.791339 0.239190
0.258918 0.832487
0.829704 0.636908
0.522071 0.432990
0.356624 0.721995
0.096021 0.447577
0.805426 0.139739
0.887967 0.924368
0.111833 0.781872
0.970499 0.558586
0.400463 0.524329
0.826122 0.451410
0.618117 0.641175
0.946349 0.474909
0.028717 0.145135
0.257531 0.099095
0.960290 0.783965
0.068334 0.854554
0.429194 0.941595
0.837057 0.112217
0.927486 0.408046
0.749074 0.943696
0.763217 0.682694
0.494407 0.024061
0.768373 0.709191
0.994691 0.407563
0.143919 0.514987
0.472485 0.638271
0.010948 0.709763
0.558165 0.861842
0.411354 0.410952
0.669767 0.783665
0.843400 0.977999
0.915402 0.890350
0.458736 0.479154
0.988987 0.440441
0.183103 0.606003
0.028420 0.683579
0.951927 0.927951
0.107081 0.331805
0.311233 0.178346
0.506098 0.993986
0.150002 0.088424
0.046991 0.013882
0.246093 0.075521
0.304988 0.857372
0.817779 0.725556
0.550321 0.980709
0.978812 0.845096
0.279420 0.773240
0.708136 0.235516
0.410248 0.673292
0.794850 0.596670
0.727889 0.526843
0.624512 0.959324
0.063321 0.424644
0.500089 0.653337
0.546861 0.764381
0.942605 0.067666
0.406854 0.458500
0.418688 0.966173
0.347711 0.560828
0.474625 0.725533
0.282986 0.495623
0.267991 0.973718
0.073809 0.935760
0.397479 0.652325
0.402928 0.640844
0.175795 0.879810
0.053053 0.559769
0.918101 0.168900
0.671721 0.291354
0.278298 0.985197
0.697622 0.807905
0.935284 0.965319
0.555507 0.499741
0.264983 0.676505
0.031546 0.949368
0.403504 0.229940
0.319842 0.529189
0.918939 0.557780
0.823855 0.944351
0.471901 0.096318
0.306648 0.436087
0.531177 0.246748
0.906794 0.700512
0.696482 0.483733
0.830159 0.310247
0.966248 0.931046
0.628563 0.157977
0.497888 0.434117
0.523963 0.712558
0.971416 0.962201
0.991027 0.017180
0.441023 0.133874
0.678707 0.872355
0.422941 0.909578
0.272967 0.410372
0.671685 0.723035
0.231129 0.178712
0.150514 0.560695
0.122859 0.402302
0.126582 0.188195
0.799849 0.910770
0.143677 0.733447
0.845730 0.546705
0.754675 0.714208
0.228200 0.508887
0.983681 0.616954
0.197222 0.612990
0.000791 0.800319
0.498322 0.208357
0.765975 0.824277
0.053260 0.749842
0.748701 0.362874
0.508897 0.131356
0.458650 0.900343
0.817747 0.393217
0.452843 0.833856
0.520162 0.806013
0.807885 0.165739
0.944354 0.547008
0.370064 0.158052
0.080592 0.303570
0.213203 0.682080
0.950818 0.505971
0.336167 0.375323
0.791117 0.807271
0.098787 0.600620
0.333434 0.766296
0.482040 0.846436
0.686519 0.503176
0.299152 0.559210
0.809912 0.183272
0.452807 0.958971
0.445669 0.044587
0.718830 0.608183
0.645282 0.241463
0.479266 0.878627
0.245271 0.393328
0.833266 0.551191
0.935516 0.481788
0.096244 0.298256
0.841602 0.663495
0.139570 0.555847
0.037212 0.446786
0.777733 0.547987
0.230898 0.084825
0.838125 0.908821
0.422289 0.590430
0.544945 0.876302
0.810611 0.949616
0.173327 0.863822
0.563315 0.134472
0.031153 0.840813
0.932877 0.454040
0.287549 0.406744
0.355152 0.304974
0.559825 0.934127
0.678447 0.494605
0.349082 0.873605
0.020930 0.041881
0.466618 0.445215
0.367912 0.300117
0.292411 0.260682
0.519266 0.724909
0.725535 0.645131
0.553326 0.077976
0.934552 0.123568
0.278311 0.005111
0.582332 0.119161
0.829654 0.900297
0.957223 0.816929
0.579007 0.753019
0.868678 0.216409
0.996776 0.430019
0.630662 0.210646
0.051222 0.983061
0.849260 0.417620
0.396137 0.259740
0.722090 0.224325
0.868998 0.618424
0.056778 0.542835
0.027325 0.991203
0.297364 0.574547
0.338409 0.350208
0.768175 0.489606
0.518774 0.315997
0.720000 0.173365
0.704060 0.274010
0.428984 0.075855
0.951920 0.301415
0.666035 0.621280
0.871741 0.500599
0.662298 0.986913
0.156722 0.926241
0.908759 0.257139
0.938282 0.290573
0.185531 0.395846
0.245508 0.171367
0.740998 0.596370
0.749097 0.893824
0.561957 0.740724
0.701683 0.142325
0.676481 0.201475
0.639596 0.454526
0.484705 0.713969
0.367566 0.512308
0.973112 0.944974
0.993192 0.350589
0.752087 0.176262
0.539626 0.370547
0.796253 0.431586
0.702063 0.028345
0.789195 0.615806
0.253592 0.972926
0.596203 0.356440
0.131700 0.099743
0.782384 0.298359
0.881658 0.723265
0.379042 0.205379
0.663488 0.025787
0.979218 0.863750
0.525544 0.648593
0.561425 0.388698
0.071386 0.528455
0.701761 0.079157
0.800471 0.968212
0.816949 0.369228
0.147880 0.099605
0.047940 0.376980
0.233438 0.900683
0.068305 0.777248
0.968903 0.896194
0.495797 0.724386
0.187744 0.873054
0.271747 0.133906
0.167260 0.912578
0.473253 0.899554
0.990958 0.498773
0.648020 0.487340
0.253693 0.807258
0.005185 0.919750
0.492639 0.492597
0.685600 0.781243
0.981580 0.511919
0.300767 0.957364
0.137279 0.970770
0.685228 0.363042
0.757763 0.192387
0.064168 0.659880
0.535941 0.203640
0.643501 0.203755
0.456175 0.280717
0.477725 0.955771
0.197233 0.260308
0.901762 0.489409
0.326718 0.641620
0.408211 0.958930
0.711627 0.953024
0.645340 0.218997
0.224571 0.817121
0.948147 0.704060
0.206324 0.156366
0.751100 0.006700
0.213567 0.659889
0.604828 0.556931
0.276475 0.725575
0.997341 0.532409
0.334271 0.148660
0.542005 0.671409
0.593021 0.755405
0.191725 0.887991
0.152558 0.126518
0.819985 0.236930
0.682215 0.480911
0.813416 0.125200
0.041038 0.625389
0.838074 0.885728
0.049384 0.444453
0.640066 0.863875
0.023268 0.439732
0.707260 0.325163
0.746449 0.906664
0.205854 0.942859
0.586501 0.580532
0.635631 0.737681
0.445334 0.523957
0.843902 0.386698
0.718826 0.963999
0.385293 0.641639
0.901125 0.611158
0.627264 0.667963
0.178588 0.437574
0.992664 0.394762
0.769536 0.517771
0.832590 0.028805
0.730739 0.338932
0.373852 0.790483
0.993367 0.083196
0.367323 0.375590
0.250348 0.894333
0.837384 0.050504
0.560113 0.512719
0.351007 0.839638
0.240625 0.814866
0.432400 0.887587
0.871137 0.129951
0.713377 0.135159
0.325490 0.709598
0.450057 0.819922
0.767154 0.805517
0.262274 0.581663
0.816679 0.909674
0.683530 0.702724
0.693636 0.111524
0.004922 0.840262
0.508490 0.390967
0.506364 0.255620
0.552151 0.715926
0.218960 0.633823
0.158557 0.366843
0.539571 0.822860
0.081966 0.865495
0.906897 0.832081
0.057822 0.883452
0.261354 0.351685
0.633611 0.847082
0.800842 0.096344
0.970617 0.817337
0.621484 0.498106
0.501672 0.045340
0.959004 0.548160
0.661185 0.773159
0.582458 0.860324
0.954252 0.184493
0.792265 0.544439
0.518002 0.498797
0.781261 0.392363
0.495513 0.739041
0.052183 0.588973
0.290622 0.812578
0.823224 0.258036
0.356856 0.086050
0.016901 0.512285
0.365929 0.600759
0.429936 0.619945
0.874731 0.649845
0.438179 0.101193
0.107935 0.560979
0.440759 0.274294
0.420976 0.475094
0.503244 0.468577
0.588659 0.138184
0.512937 0.553882
0.287413 0.274619
0.003830 0.216327
0.945579 0.959589
0.870717 0.110858
0.082777 0.290776
0.805252 0.697106
0.405465 0.848121
0.935662 0.596905
0.527867 0.525066
0.381816 0.168623
0.900570 0.052903
0.505518 0.101376
0.811595 0.934869
0.326850 0.789985
0.658956 0.378022
0.231609 0.145457
0.191022 0.640241
0.564308 0.053276
0.046150 0.461768
0.650544 0.350400
0.693926 0.755763
0.423814 0.676182
0.292673 0.725607
0.693637 0.066142
0.121371 0.987596
0.122470 0.122146
0.716265 0.514848
0.595660 0.443531
0.615079 0.413539
0.683306 0.299183
0.802282 0.360074
0.831321 0.533953
0.065411 0.762850
0.675948 0.537753
0.736342 0.052786
0.227415 0.308504
0.201465 0.242484
0.557393 0.525562
0.960175 0.475648
0.479293 0.561375
0.032740 0.544634
0.453412 0.534923
0.887995 0.606393
0.841125 0.078581
0.416107 0.867714
0.544342 0.651697
0.962913 0.355119
0.683464 0.907109
0.144270 0.481489
0.448672 0.117412
0.922356 0.217128
0.429559 0.828820
0.526794 0.699515
0.644954 0.579529
0.890996 0.850375
0.945712 0.622979
0.699885 0.725369
0.051895 0.765609
0.315276 0.462084
0.323272 0.661418
0.933769 0.701535
0.075161 0.485702
0.391865 0.236489
0.289716 0.304109
0.719133 0.403276
0.576473 0.423916
0.784481 0.582678
0.609220 0.859252
0.148519 0.421283
0.130031 0.481597
0.979707 0.880453
0.630060 0.242159
0.223998 0.136746
0.813233 0.043529
0.484337 0.428086
0.524355 0.588071
0.134724 0.746568
0.459677 0.504215
0.293823 0.509408
0.863637 0.943190
0.914786 0.609995
0.281711 0.618747
0.119285 0.683120
0.026599 0.705216
0.147681 0.398481
0.183631 0.898579
0.463859 0.560500
0.590648 0.503473
0.534255 0.107399
0.735745 0.456299
0.729471 0.706470
0.078365 0.111713
0.510338 0.649128
0.856309 0.651345
0.879312 0.466225
0.140841 0.766160
0.540819 0.577288
0.233864 0.725819
0.704849 0.343007
0.179141 0.384951
0.279146 0.313622
0.812949 0.824029
0.989555 0.127341
0.328238 0.362802
0.913830 0.045476
0.184241 0.838680
0.499523 0.576231
0.390973 0.710427
0.370977 0.620287
0.334512 0.118386
0.529352 0.350944
0.716105 0.485921
0.364636 0.914061
0.095848 0.355510
0.076223 0.836776
0.712241 0.865359
0.755644 0.671892
0.950470 0.878254
0.927204 0.680718
0.093533 0.717512
0.376728 0.248926
0.414561 0.630140
0.165948 0.300626
0.063891 0.943415
0.899793 0.038131
0.709059 0.979134
0.482511 0.486774
0.911622 0.066444
0.831346 0.714974
0.467248 0.776582
0.036168 0.712771
0.869361 0.393239
0.257334 0.198271
0.247175 0.716964
0.457429 0.074883
0.885357 0.543277
0.094636 0.386524
0.334978 0.232702
0.767011 0.043810
0.526811 0.840205
0.044104 0.266240
0.247027 0.411246
0.364078 0.201586
0.261524 0.998818
0.723894 0.503954
0.881381 0.697489
0.036755 0.350663
0.340452 0.222516
0.007284 0.822220
0.216118 0.172872
0.932477 0.714961
0.022573 0.640532
0.070736 0.363227
0.258512 0.817090
0.263738 0.120988
0.086897 0.400875
0.864118 0.168709
0.712557 0.048716
0.974797 0.831030
0.466338 0.947924
0.072863 0.462202
0.627218 0.576692
0.573400 0.852249
0.827486 0.104293
0.442746 0.173588
0.720873 0.329403
0.411001 0.069793
0.958738 0.693450
0.982652 0.483444
0.110532 0.177776
0.228332 0.878093
0.238779 0.942282
0.814426 0.522467
0.897631 0.952282
0.142868 0.185073
0.956866 0.052504
0.461264 0.316310
0.851330 0.775470
0.918449 0.079273
0.911713 0.667299
0.672525 0.166422
0.967488 0.138105
0.376809 0.185721
0.274514 0.538637
0.407078 0.760612
0.683854 0.379054
0.913375 0.275241
0.322823 0.626177
0.754831 0.845824
0.758858 0.319779
0.535684 0.232670
0.292317 0.847249
0.466525 0.932669
0.929541 0.036921
0.486023 0.583008
0.802175 0.533612
0.893651 0.989852
0.024971 0.219905
0.123597 0.383848
0.576452 0.591716
0.061721 0.317287
0.162035 0.491467
0.352058 0.823627
0.197045 0.294880
0.687573 0.394998
0.124287 0.903923
0.614389 0.360201
0.488673 0.266860
0.220564 0.092993
0.674307 0.058375
0.866464 0.855062
0.710665 0.596305
0.658375 0.435136
0.951121 0.230875
0.353283 0.010473
0.014474 0.889144
0.138470 0.989457
0.285960 0.438076
0.579775 0.069543
0.489517 0.687012
0.783110 0.073565
0.611306 0.166460
0.636664 0.955330
0.712780 0.150743
0.375235 0.365018
0.560371 0.266020
0.828992 0.040261
0.812166 0.086285
0.602551 0.114744
0.945092 0.419233
0.646897 0.113590
0.993999 0.252385
0.886023 0.974240
0.543921 0.531819
0.755762 0.512088
0.594063 0.869519
0.857291 0.253073
0.521985 0.863665
0.849816 0.914430
0.918914 0.095002
0.483856 0.006536
0.294602 0.931112
0.389081 0.743662
0.093920 0.125436
0.765838 0.178184
0.794458 0.010063
0.105897 0.004113
0.724606 0.538777
0.091229 0.091121
0.490920 0.178596
0.758700 0.334884
0.217290 0.445773
0.620462 0.004994
0.816652 0.632202
0.761490 0.221621
0.227504 0.356152
0.256554 0.612792
0.063669 0.083580
0.734587 0.826410
0.770222 0.378769
0.724243 0.041087
0.202823 0.036528
0.780463 0.014871
0.468125 0.219485
0.473470 0.981355
0.889069 0.090889
0.097354 0.667417
0.677609 0.071348
0.248068 0.357023
0.604719 0.454415
0.837836 0.437032
0.397323 0.609572
0.305552 0.804640
0.287421 0.422852
0.226272 0.574086
0.133849 0.004535
0.900438 0.536331
0.683925 0.013843
0.485016 0.067164
0.392182 0.478270
0.697788 0.606219
0.957799 0.068260
0.496844 0.381692
0.593237 0.277575
0.092435 0.007425
0.477535 0.439757
0.179728 0.735338
0.270447 0.453234
0.087148 0.320504
0.566942 0.440456
0.226450 0.714749
0.091355 0.504336
0.892178 0.805360
0.301052 0.761905
0.630914 0.828611
0.771270 0.029581
0.958423 0.115212
0.390079 0.827105
0.622513 0.699636
0.845851 0.009831
0.311455 0.648908
0.162067 0.246976
0.948644 0.520624
0.256883 0.945705
0.712757 0.291682
0.470714 0.610918
0.741866 0.347804
0.550895 0.184434
0.287935 0.713569
0.903908 0.362597
0.957423 0.943086
0.747608 0.558838
0.764906 0.648790
0.174924 0.180550
0.618379 0.741323
0.142007 0.362788
0.685362 0.721501
0.592335 0.005915
0.217681 0.152224
0.732164 0.732435
0.570878 0.273179
0.767294 0.477082
0.213177 0.563852
0.125304 0.370242
0.777767 0.169938
0.786825 0.941896
0.898950 0.550016
0.668100 0.276915
0.416800 0.646664
0.431250 0.704029
0.260544 0.512817
0.843381 0.504730
0.771913 0.055440
0.494340 0.520766
0.223455 0.611927
0.196701 0.196969
0.340780 0.182670
0.541139 0.555014
0.292943 0.974440
0.466991 0.649973
0.979418 0.985321
0.452212 0.705081
0.454429 0.797967
0.960063 0.382132
0.161105 0.871264
0.514856 0.596563
0.294364 0.218189
0.371976 0.343143
0.362704 0.048045
0.261388 0.535776
0.490924 0.135072
0.798154 0.220951
0.853522 0.204322
0.713386 0.022614
0.940875 0.654124
0.299205 0.151006
0.055682 0.620900
0.277494 0.964256
0.530764 0.266002
0.892680 0.524601
0.200468 0.101681
0.378903 0.684721
0.712290 0.443338
0.103110 0.548456
0.467821 0.709473
0.263667 0.987361
0.757417 0.499457
0.272776 0.275680
0.717692 0.554896
0.861870 0.101540
0.315017 0.930257
0.994725 0.900695
0.382386 0.908623
0.335760 0.163963
0.093439 0.434721
0.391413 0.196979
0.219666 0.978638
0.151487 0.351437
0.083898 0.684831
0.561462 0.766620
0.321723 0.564543
0.873639 0.666529
0.227612 0.838335
0.801796 0.622055
0.956182 0.715923
0.608910 0.771737
0.921403 0.982717
0.337228 0.035722
0.552619 0.570997
0.577345 0.036978
0.084132 0.170516
0.437388 0.905850
0.061311 0.374352
0.218212 0.421481
0.444037 0.645049
0.388232 0.570766
0.740864 0.540874
0.095282 0.282808
0.657623 0.307993
0.659244 0.835148
0.233817 0.849698
0.335922 0.570827
0.849368 0.448959
0.788579 0.633894
0.240571 0.294356
0.601472 0.415930
0.619282 0.231612
0.195789 0.826376
0.882431 0.266212
0.214598 0.233920
0.144293 0.150338
0.381745 0.017838
0.670139 0.445361
0.534568 0.661679
0.432094 0.198518
0.692672 0.619613
0.036031 0.649781
0.177049 0.475762
0.841588 0.780266
0.673445 0.031468
0.090595 0.700215
0.301690 0.824475
0.017315 0.936342
0.756720 0.740472
0.932941 0.557861
0.216709 0.536983
0.746147 0.402734
0.858325 0.698929
0.069726 0.164773
0.089737 0.878590
0.829982 0.246384
0.101307 0.899697
0.601623 0.338917
0.737864 0.228598
0.747807 0.127562
0.070081 0.012655
0.490752 0.198077
0.597977 0.097081
0.412349 0.057045
0.021400 0.472544
0.837900 0.599701
0.293715 0.247487
0.853009 0.746348
0.508741 0.146066
0.671675 0.367160
0.347555 0.133856
0.008091 0.392984
0.510320 0.480372
0.486179 0.890215
0.209031 0.349384
0.170910 0.107721
0.038722 0.904563
0.108602 0.454864
0.147224 0.166654
0.939208 0.871628
0.336609 0.653074
0.703626 0.671115
0.065806 0.097942
0.658275 0.323656
0.129922 0.544633
0.530683 0.732711
0.051071 0.851533
0.879499 0.990779
0.016563 0.426516
0.975737 0.599182
0.775138 0.875283
0.417343 0.200051
0.562907 0.027313
0.647622 0.424336
0.176525 0.152420
0.872600 0.973986
0.955872 0.731388
0.080137 0.783056
0.388116 0.725845
0.657110 0.163398
0.996924 0.728598
0.331134 0.421830
0.730017 0.356561
0.954487 0.273259
0.150822 0.747682
0.695736 0.178107
0.491660 0.224108
0.341997 0.731840
0.093114 0.655233
0.157312 0.144303
0.582699 0.815424
0.107338 0.932438
0.857043 0.311886
0.767706 0.071891
0.256602 0.687729
0.230524 0.370674
0.719648 0.271998
0.701749 0.093898
0.090174 0.490270
0.073851 0.233650
0.173512 0.016123
0.977305 0.147475
0.725209 0.813134
0.941092 0.738614
0.216385 0.779571
0.776197 0.627707
0.656762 0.470118
0.848703 0.281286
0.114882 0.233523
0.700498 0.372597
0.693835 0.317614
0.518324 0.360463
0.074974 0.339475
0.887812 0.278773
0.367197 0.354467
0.426798 0.566639
0.048146 0.391840
0.107527 0.973748
0.264876 0.480570
0.487891 0.640394
0.201812 0.670415
0.090343 0.335053
0.394810 0.674003
0.313852 0.085663
0.190444 0.309167
0.420265 0.145091
0.915198 0.746797
0.501056 0.678022
0.475171 0.044260
0.093761 0.522696
0.574864 0.935786
0.336146 0.502056
0.314097 0.945842
0.834542 0.861024
0.988223 0.070413
0.596187 0.938965
0.313299 0.384558
0.321302 0.878695
0.447598 0.750083
0.710383 0.619447
0.508205 0.519566
0.921583 0.428880
0.889677 0.339624
0.446549 0.693241
0.196154 0.558595
0.644939 0.997351
0.573477 0.233806
0.608443 0.084410
0.736419 0.767726
0.012853 0.906999
0.702979 0.200146
0.208426 0.763095
0.368925 0.488113
0.423161 0.984756
0.381537 0.404886
0.374831 0.565931
0.044544 0.807873
0.657948 0.244515
0.371373 0.085540
0.036758 0.089106
0.989182 0.606542
0.983775 0.292459
0.957010 0.614648
0.747494 0.295468
0.831254 0.698836
0.116516 0.808009
0.525019 0.331469
0.685791 0.283255
0.342071 0.811579
0.836252 0.680638
0.050827 0.404572
0.588413 0.697043
0.140593 0.330588
0.446010 0.356864
0.301660 0.407606
0.946541 0.252863
0.969698 0.525860
0.072888 0.694765
0.864538 0.447788
0.083672 0.566285
0.170494 0.509261
0.742747 0.264359
0.524980 0.897696
0.807090 0.845823
0.573532 0.997694
0.759100 0.418161
0.463462 0.848626
0.275507 0.649114
0.557851 0.147762
0.405483 0.598942
0.534367 0.053702
0.244934 0.093419
0.771800 0.613288
0.222042 0.191809
0.211922 0.965869
0.117823 0.944714
0.043945 0.522361
0.599110 0.203241
0.903838 0.768220
0.331686 0.435601
0.502588 0.286126
0.975324 0.114148
0.905090 0.242275
0.447864 0.496382
0.029201 0.614217
0.778274 0.131673
0.430772 0.492738
0.146916 0.980523
0.250735 0.732493
0.643200 0.528086
0.346200 0.428354
0.847169 0.233346
0.036525 0.888084
0.358657 0.854081
0.810276 0.028794
0.785483 0.923650
0.723098 0.472208
0.488581 0.296232
0.679362 0.218689
0.395452 0.104927
0.392810 0.687772
0.040157 0.055397
0.861290 0.550013
0.793272 0.323562
0.920005 0.838120
0.056086 0.994934
0.482920 0.805781
0.006969 0.347493
0.783032 0.480812
0.593880 0.783608
0.781382 0.647177
0.131760 0.175003
0.635434 0.005508
0.819315 0.879018
0.403719 0.662197
0.521071 0.682756
0.857894 0.384345
0.726410 0.594280
0.221894 0.700876
0.669854 0.094971
0.597229 0.027696
0.700141 0.830477
0.904557 0.210367
0.982006 0.532747
0.936149 0.820383
0.849473 0.105361
0.225845 0.457452
0.834192 0.016097
0.496115 0.110934
0.136608 0.310848
0.897464 0.186072
0.634145 0.537104
0.699912 0.650890
0.659340 0.539367
0.135050 0.399542
0.166141 0.647967
0.542932 0.859751
0.325541 0.401614
0.991126 0.786823
0.225504 0.044825
0.465416 0.884457
0.729097 0.990257
0.907510 0.592277
0.381400 0.701982
0.141015 0.848991
0.163019 0.564571
0.985836 0.362401
0.122844 0.711500
0.319632 0.098572
0.643222 0.131347
0.667010 0.972630
0.704525 0.122431
0.601008 0.184939
0.591273 0.065439
0.571954 0.504180
0.765219 0.161174
0.932189 0.540318
0.315541 0.298204
0.853240 0.514704
0.622269 0.146865
0.305959 0.251794
0.681969 0.967440
0.782336 0.466059
0.045601 0.875100
0.265650 0.624242
0.817821 0.354703
0.936879 0.364115
0.326576 0.583194
0.944021 0.114184
0.856440 0.664510
0.166295 0.074539
0.390350 0.183759
0.474585 0.160327
0.710089 0.063204
0.747536 0.523114
0.004886 0.416803
0.449194 0.206145
0.458949 0.167013
0.890024 0.358868
0.402970 0.695396
0.746216 0.161590
0.924422 0.507929
0.917187 0.494829
0.268655 0.789585
0.278012 0.043394
0.162789 0.158238
0.037935 0.000693
0.409578 0.083087
0.210311 0.698191
0.010612 0.987410
0.602604 0.695604
0.178180 0.318176
0.281155 0.325791
0.433728 0.578339
0.898178 0.066419
0.096190 0.022713
0.118781 0.305698
0.165821 0.277837
0.321465 0.898191
0.739271 0.921863
0.115456 0.538476
0.548071 0.601338
0.210242 0.586484
0.312868 0.730820
0.856738 0.497446
0.688774 0.136310
0.428975 0.235440
0.611091 0.728872
0.521507 0.090772
0.415898 0.299731
0.386593 0.528932
0.805666 0.311753
0.015686 0.365767
0.023220 0.302688
0.543997 0.194757
0.204715 0.882970
0.152015 0.275218
0.765727 0.573598
0.628689 0.554708
0.062735 0.804186
0.678649 0.521540
0.256344 0.322435
0.431926 0.260168
0.083627 0.646262
0.826842 0.517870
0.577661 0.631633
0.128834 0.920247
0.806539 0.380865
0.631638 0.512732
0.358335 0.286983
0.637425 0.970910
0.016625 0.753716
0.587341 0.891171
0.195611 0.170467
0.067230 0.957845
0.762323 0.457332
0.657371 0.588750
0.786946 0.776373
0.350000 0.146848
0.533199 0.811064
0.398111 0.752111
0.022038 0.655732
0.453811 0.223199
0.825673 0.661635
0.897198 0.731795
0.585345 0.477973
0.958983 0.533430
0.232166 0.958174
0.397971 0.055241
0.655853 0.554051
0.732097 0.131600
0.160282 0.628101
0.178804 0.543125
0.199683 0.691493
0.375003 0.102778
0.636502 0.709111
0.641811 0.437108
0.401201 0.285726
0.427513 0.663538
0.156327 0.761955
0.848541 0.575645
0.257913 0.920883
0.382631 0.316327
0.300678 0.942624
0.104186 0.189386
0.914236 0.794646
0.129302 0.862966
0.779442 0.952829
0.759249 0.244541
0.122223 0.632746
0.016906 0.551044
0.175354 0.489460
0.333395 0.195953
0.553653 0.373082
0.160662 0.313704
0.236509 0.999512
0.422386 0.717825
0.442124 0.715364
0.749236 0.240157
0.942725 0.944051
0.722336 0.448808
0.955126 0.129013
0.999974 0.969569
0.248664 0.653237
0.626710 0.926739
0.679222 0.109478
0.417999 0.447920
0.902223 0.023723
0.645301 0.717182
0.802791 0.782132
0.969723 0.586776
0.007177 0.573622
0.158876 0.662385
0.519766 0.997894
0.293298 0.352061
0.968425 0.770459
0.118241 0.166517
0.005061 0.646300
0.534850 0.849575
0.557505 0.998663
0.621142 0.544411
0.195686 0.627123
0.411347 0.002946
0.647727 0.394240
0.360948 0.754459
0.526170 0.984004
0.486174 0.532239
0.222156 0.646071
0.294940 0.738388
0.554193 0.204782
0.565226 0.598729
0.128064 0.284839
0.471178 0.237591
0.111486 0.769581
0.931173 0.277719
0.125909 0.848528
0.320792 0.497510
0.635153 0.679728
0.711269 0.709045
0.942562 0.996933
0.749675 0.482657
0.587947 0.681152
0.478930 0.770147
0.289920 0.834411
0.697405 0.248592
0.133473 0.940866
0.197292 0.133577
0.647327 0.850725
0.569969 0.203818
0.697664 0.301155
0.905645 0.376118
0.116019 0.826565
0.704119 0.765380
0.332855 0.883275
0.743472 0.499171
0.962652 0.462786
0.290877 0.105005
0.818518 0.112092
0.617435 0.873643
0.265869 0.183667
0.759081 0.370158
0.702416 0.551203
0.603352 0.813656
0.338037 0.607734
0.135846 0.055305
0.005855 0.560491
0.560552 0.299247
0.124803 0.466495
0.330488 0.969653
0.351872 0.648105
0.730975 0.368389
0.081247 0.078645
0.288624 0.762448
0.153526 0.774774
0.527855 0.410586
0.927938 0.309772
0.830418 0.060455
0.050437 0.429205
0.856472 0.468198
0.502495 0.751601
0.673794 0.651049
0.536881 0.293000
0.313428 0.317678
0.735277 0.477370
0.340120 0.798906
0.487194 0.670107
0.758740 0.441046
0.000263 0.744201
0.511916 0.901851
0.539822 0.504508
0.196472 0.802870
0.714155 0.847306
0.818452 0.784303
0.436905 0.605188
0.948586 0.443899
0.810290 0.769446
0.393734 0.429308
0.081146 0.618395
0.603482 0.833533
0.541799 0.357142
0.181378 0.048828
0.128518 0.296564
0.676544 0.181711
0.583959 0.186254
0.643515 0.327052
0.691643 0.052824
0.838387 0.754136
0.191960 0.379356
0.730297 0.299751
0.342926 0.332347
0.511413 0.670756
0.525833 0.078402
0.453614 0.913477
0.024385 0.317279
0.629189 0.806910
0.419275 0.389581
0.999001 0.237501
0.629225 0.884133
0.380804 0.331325
0.588120 0.616112
0.661385 0.217594
0.111781 0.667363
0.832676 0.132457
0.604912 0.137783
0.880975 0.137231
0.825883 0.189975
0.595940 0.663854
0.353855 0.931476
0.501173 0.062525
0.005406 0.162449
0.856560 0.000473
0.027383 0.743698
0.919629 0.955222
0.156384 0.994896
0.521314 0.470958
0.244895 0.606488
0.293791 0.630580
0.606449 0.009273
0.999490 0.058949
0.461856 0.151696
0.627371 0.437656
0.192600 0.343448
0.337994 0.624312
0.175156 0.686955
0.159513 0.050103
0.503201 0.360119
0.254315 0.369143
0.505517 0.609247
0.434806 0.364979
0.664697 0.458735
0.456653 0.180581
0.615476 0.655131
0.997231 0.033232
0.170863 0.530272
0.209774 0.251665
0.644195 0.142956
0.389706 0.394009
0.105047 0.842822
0.685099 0.095982
0.612682 0.948976
0.414980 0.745286
0.119820 0.742295
0.175045 0.339618
0.613624 0.838070
0.977858 0.918242
0.679973 0.618729
0.265670 0.226821
0.199538 0.180539
0.890812 0.241567
0.657377 0.363510
0.986281 0.380328
0.031197 0.496351
0.479120 0.345012
0.365143 0.499280
0.958499 0.958770
0.087250 0.751984
0.246371 0.562500
0.630956 0.767121
0.677545 0.311147
0.270855 0.823016
0.408535 0.364018
0.542142 0.219252
0.775495 0.968776
0.067059 0.553818
0.621715 0.846948
0.218820 0.400486
0.134348 0.532066
0.186996 0.221403
0.286714 0.782646
0.040196 0.691427
0.056395 0.782539
0.030201 0.871284
0.892774 0.254805
0.824538 0.323713
0.460766 0.548390
0.874938 0.077275
0.475320 0.410263
0.695532 0.711603
0.471436 0.334209
0.838988 0.817600
0.882850 0.777375
0.587008 0.927606
0.382843 0.031040
0.354864 0.436256
0.530770 0.605290
0.492541 0.447291
0.477489 0.474140
0.972139 0.219326
0.335654 0.389257
0.366372 0.949406
0.336499 0.066785
0.572098 0.879048
0.150548 0.006008
0.469385 0.533394
0.567950 0.755888
0.371475 0.852750
0.993519 0.519313
0.452746 0.738960
0.939417 0.775579
0.092386 0.611199
0.549937 0.615346
0.775571 0.564698
0.761096 0.126896
0.263483 0.025050
0.544275 0.937164
0.710512 0.007476
0.150640 0.218552
0.570073 0.777401
0.480657 0.083714
0.772475 0.937371
0.025534 0.063090
0.977845 0.029632
0.550270 0.417556
0.015478 0.274243
0.922334 0.264478
0.316092 0.246962
0.161081 0.261176
0.407884 0.860331
0.690804 0.682659
0.232706 0.653996
0.139500 0.909316
0.005609 0.305651
0.133189 0.160513
0.312321 0.678511
0.304943 0.166792
0.809064 0.326020
0.037495 0.857352
0.388118 0.347112
0.715598 0.389955
0.580091 0.346861
0.488850 0.401639
0.861387 0.279585
0.744891 0.141942
0.012647 0.737847
0.851476 0.483882
0.641976 0.156004
0.457679 0.868530
0.644496 0.548842
0.942610 0.188461
0.168802 0.943064
0.617621 0.430258
0.907703 0.900062
0.394161 0.165454
0.083446 0.348862
0.127221 0.781002
0.311586 0.140956
0.741061 0.722717
0.860221 0.237017
0.054750 0.816114
0.856440 0.843464
0.171022 0.672094
0.720210 0.897551
0.158173 0.408692
0.841302 0.213939
0.585510 0.955994
0.549800 0.803961
0.810217 0.447060
0.134179 0.034296
0.157329 0.679780
0.333411 0.529044
0.875786 0.165317
0.044330 0.964689
0.060503 0.263257
0.916624 0.930644
0.898319 0.410392
0.541885 0.255005
0.673872 0.764269
0.911058 0.438735
0.271797 0.522139
0.785636 0.994964
0.548996 0.008561
0.451267 0.192174
0.963955 0.244025
0.300593 0.134090
0.238196 0.056840
0.290002 0.161484
0.940463 0.238427
0.716116 0.882736
0.288217 0.799537
0.907555 0.965979
0.760539 0.996819
0.141233 0.443490
0.465452 0.994994
0.512907 0.833001
0.950282 0.856029
0.436647 0.861624
0.552650 0.442382
0.244083 0.042943
0.910351 0.643183
0.932713 0.890504
0.654689 0.504199
0.363106 0.143870
0.227542 0.775401
0.364848 0.676239
0.198794 0.452997
0.847396 0.338980
0.540591 0.471124
0.222274 0.006232
0.412082 0.983062
0.667468 0.846424
0.956259 0.000365
0.181868 0.582805
0.721590 0.123568
0.149121 0.307565
0.112831 0.469542
0.042829 0.729056
0.390861 0.131779
0.353185 0.375456
0.668205 0.512522
0.540816 0.776306
0.743515 0.198493
0.327067 0.211774
0.852661 0.402902
0.057069 0.060248
0.417371 0.016448
0.237767 0.018878
0.366770 0.418035
0.732727 0.320408
0.549451 0.790563
0.576265 0.173001
0.189653 0.913230
0.351101 0.348630
0.010513 0.766186
0.191047 0.935072
0.755969 0.151234
0.105707 0.042210
0.930002 0.843601
0.519725 0.544496
0.856703 0.625691
0.198126 0.841640
0.044821 0.837318
0.138306 0.596480
0.148555 0.529444
0.845901 0.852648
0.958829 0.420960
0.345128 0.901833
0.386255 0.972760
0.040653 0.217278
0.394696 0.912909
0.625419 0.863723
0.149165 0.710527
0.325659 0.259452
0.666410 0.080704
0.839567 0.994088
0.106629 0.402648
0.795161 0.063779
0.815119 0.963378
0.939795 0.527767
0.459831 0.670510
0.274395 0.571567
0.452980 0.515413
